NUMBER FLUX_APER FLUXERR_APER
901 21852 157
902 22530 158
903 22247 157
904 21869 157
905 22466 158
906 22174 158
907 21719 157
908 22147 157
909 22110 158
910 22303 158
911 22170 158
912 21962 157
913 22189 157
914 22204 158
915 22080 157
916 21983 157
917 22414 158
918 21892 157
919 21851 157
920 21869 157
921 22508 158
922 22548 158
923 22312 158
924 22270 158
925 22135 157
926 22231 158
927 21597 157
928 22102 158
929 22295 158
930 22261 158
931 22218 158
932 22073 157
933 22075 158
934 22059 157
935 22244 158
936 22197 158
937 22083 157
938 21990 157
939 22236 158
940 22277 158
941 22391 158
942 22462 158
943 21936 157
944 22470 158
945 22343 158
946 21900 157
947 21734 157
948 22340 158
949 22222 158
950 21849 157
951 22337 158
952 21638 157
953 21779 157
954 22094 158
955 22046 158
956 22370 158
957 22160 158
958 22008 158
959 22065 158
960 22065 158
961 21954 157
962 22203 158
963 21829 157
964 22371 158
965 22041 157
966 22373 158
967 22140 157
968 21871 157
969 22345 158
970 22031 157
971 21815 157
972 22113 158
973 22195 158
974 22177 158
975 22459 158
976 21730 157
977 21824 157
978 21833 157
979 22044 158
980 22339 158
981 22197 158
982 22232 158
983 21517 157
984 22104 158
985 22296 158
986 22261 158
987 22140 158
988 22397 158
989 22167 158
990 22118 158
991 21924 157
992 22148 158
993 21739 157
994 22039 157
995 21817 157
996 22053 157
997 22044 157
998 21459 156
999 21980 158
1000 22405 158
1001 21900 157
1002 21761 157
1003 21955 157
1004 22092 158
1005 22129 157
1006 22242 157
1007 21793 157
1008 21840 157
1009 22268 158
1010 21730 157
1011 22028 157
1012 21683 157
1013 22241 158
1014 21746 157
1015 22225 158
1016 22318 158
1017 21885 157
1018 22282 157
1019 22246 158
1020 22264 158
1021 22113 158
1022 21843 157
1023 22214 157
1024 21931 157
1025 22370 158
1026 21767 157
1027 22069 158
1028 21853 157
1029 21824 157
1030 22219 158
1031 21828 157
1032 22168 157
1033 22188 158
1034 22241 158
1035 22416 158
1036 22060 157
1037 22230 157
1038 21869 157
1039 22317 158
1040 22066 157
1041 22012 157
1042 21791 157
1043 21765 157
1044 21779 157
1045 22294 158
1046 22028 157
1047 22163 158
1048 22153 157
1049 21914 157
1050 22073 157
1051 22040 157
1052 22065 157
1053 22008 157
1054 21808 157
1055 22236 158
1056 21799 157
1057 22274 158
1058 21703 157
1059 21851 157
1060 22166 158
1061 21787 157
1062 21942 157
1063 22224 158
1064 22095 157
1065 22040 157
1066 22126 158
1067 22274 158
1068 21764 157
1069 21813 157
1070 22045 157
1071 21529 157
1072 21618 157
1073 21570 156
1074 22273 157
1075 22204 157
1076 22192 158
1077 22392 158
1078 21574 156
1079 21950 157
1080 22004 157
1081 21693 156
1082 21861 157
1083 21667 157
1084 21950 157
1085 22084 157
1086 21652 157
1087 21848 157
1088 21508 156
1089 22022 157
1090 22328 158
1091 21571 157
1092 21789 157
1093 21802 157
1094 21867 157
1095 21658 157
1096 21489 157
1097 21846 157
1098 21616 157
1099 21515 157
1100 21620 157
1101 21677 157
1102 21889 157
1103 21478 157
1104 21219 156
1105 21508 157
1106 21793 157
1107 21982 158
1108 21606 157
1109 21591 157
1110 21583 157
1111 21656 157
1112 21452 157
1113 21686 157
1114 21363 157
1115 22051 158
1116 21933 157
1117 21626 157
1118 21605 157
1119 21978 157
1120 21779 157
1121 21518 156
1122 21410 157
1123 21740 157
1124 21696 157
1125 21723 157
1126 21795 157
1127 21381 156
1128 20940 156
1129 22045 157
1130 21358 157
1131 21646 157
1132 21415 157
1133 22059 158
1134 21937 157
1135 21603 157
1136 21825 157
1137 21542 157
1138 21671 157
1139 21357 157
1140 21975 157
1141 21823 157
1142 21499 157
1143 21353 156
1144 21629 157
1145 21410 157
1146 21408 156
1147 21542 157
1148 21373 157
1149 21567 157
1150 21426 157
1151 21381 156
1152 21507 157
1153 21606 157
1154 21540 156
1155 21562 156
1156 21500 157
1157 21490 157
1158 21613 157
1159 21425 157
1160 21760 157
1161 21533 157
1162 21660 157
1163 21737 157
1164 21471 157
1165 21736 157
1166 21816 157
1167 21602 157
1168 21684 157
1169 21637 157
1170 21290 156
1171 21614 157
1172 21391 156
1173 21979 158
1174 21771 157
1175 21470 157
1176 21558 157
1177 21450 156
1178 21555 157
1179 21577 157
1180 21286 156
1181 21684 157
1182 21374 156
1183 21868 157
1184 21501 157
1185 21784 157
1186 21855 157
1187 21935 157
1188 21711 157
1189 22003 157
1190 21729 157
1191 21734 157
1192 21642 157
1193 21356 157
1194 21642 157
1195 21614 157
1196 21613 157
1197 21649 157
1198 21272 156
1199 21704 157
1200 21295 156
1201 21609 157
1202 21777 157
1203 21608 157
1204 21667 157
1205 21248 156
1206 21395 156
1207 21910 157
1208 21895 157
1209 21205 156
1210 21354 156
1211 21421 156
1212 21604 157
1213 21557 156
1214 21738 157
1215 21903 157
1216 21865 157
1217 21994 157
1218 21914 157
1219 20981 156
1220 21615 157
1221 22112 158
1222 21614 157
1223 21742 157
1224 21286 156
1225 21422 156
1226 21317 156
1227 21432 157
1228 21248 157
1229 21954 157
1230 21525 157
1231 21479 157
1232 21660 157
1233 21540 157
1234 21365 156
1235 21268 156
1236 21258 156
1237 21797 157
1238 21711 157
1239 21752 157
1240 21463 157
1241 21255 156
1242 21594 157
1243 21668 157
1244 21280 157
1245 21699 157
1246 21528 157
1247 21524 157
1248 22008 157
1249 21365 156
1250 21633 157
1251 21341 157
1252 21332 157
1253 21792 157
1254 22004 157
1255 21316 156
1256 21614 157
1257 21503 156
1258 21448 157
1259 21497 157
1260 21612 157
1261 21604 157
1262 21761 157
1263 21704 157
1264 21353 157
1265 21432 157
1266 21574 157
1267 22184 158
1268 21254 157
1269 21094 156
1270 21289 156
1271 21409 157
1272 21245 157
1273 21440 157
1274 21679 157
1275 21354 157
1276 21788 157
1277 21406 157
1278 21883 157
1279 21520 157
1280 21763 157
1281 21364 156
1282 21425 157
1283 21669 157
1284 21449 157
1285 21656 157
1286 21468 157
1287 21752 157
1288 21721 157
1289 21189 156
1290 21618 157
1291 21334 156
1292 21387 157
1293 21309 156
1294 21602 157
1295 21656 157
1296 21205 156
1297 22408 158
1298 21474 157
1299 21313 156
1300 21547 157
1301 21706 157
1302 21291 156
1303 21499 157
1304 21725 157
1305 21509 157
1306 21431 156
1307 21593 157
1308 21341 157
1309 21247 156
1310 21414 157
1311 21589 157
1312 21786 157
1313 21247 156
1314 21437 156
1315 21405 157
1316 21335 156
1317 21447 157
1318 21660 157
1319 21910 157
1320 21708 157
1321 21435 157
1322 21483 157
1323 21712 157
1324 21942 158
1325 21375 156
1326 21979 157
1327 21641 157
1328 21506 157
1329 21689 157
1330 21520 157
1331 21690 157
1332 21175 156
1333 21797 157
1334 21668 157
1335 21459 157
1336 21586 157
1337 22154 158
1338 21269 157
1339 21122 156
1340 21387 156
1341 21182 156
1342 21352 156
1343 21396 157
1344 21556 156
1345 21063 155
1346 21863 157
1347 21929 157
1348 21299 156
1349 21929 157
1350 21661 156
1351 21525 157
1352 21672 157
1353 21723 157
1354 21567 157
1355 21823 157
1356 21930 157
1357 21279 156
1358 21568 157
1359 21896 157
1360 21601 157
1361 21378 156
1362 21587 157
1363 21946 158
1364 21490 156
1365 21419 156
1366 21519 157
1367 21883 157
1368 22260 158
1369 21226 156
1370 21663 157
1371 21525 156
1372 21316 156
1373 21515 156
1374 21604 156
1375 21487 156
1376 21853 157
1377 22019 157
1378 21685 157
1379 22032 157
1380 21328 156
1381 21635 157
1382 21816 157
1383 21459 156
1384 21943 157
1385 21683 157
1386 21432 156
1387 21807 157
1388 21668 157
1389 21727 157
1390 21340 156
1391 21220 156
1392 21824 157
1393 21525 157
1394 21730 157
1395 21780 157
1396 21379 156
1397 21510 157
1398 21012 156
1399 21074 156
1400 21670 157
1401 21801 157
1402 21607 157
1403 21514 157
1404 21383 156
1405 21583 157
1406 21819 157
1407 21377 157
1408 21813 157
1409 21301 157
1410 20681 156
1411 19977 156
1412 21307 156
1413 21827 157
1414 21550 157
1415 21688 157
1416 21384 156
1417 21361 156
1418 21515 156
1419 21343 156
1420 21977 157
1421 21520 156
1422 21272 156
1423 21147 156
1424 21853 158
1425 21914 157
1426 21012 156
1427 21674 157
1428 21222 156
1429 21710 157
1430 21173 156
1431 21249 156
1432 21724 157
1433 21517 157
1434 21447 157
1435 21514 157
1436 21734 157
1437 21451 157
1438 21615 156
1439 21139 156
1440 21362 156
1441 21587 157
1442 21225 156
1443 21018 156
1444 21910 157
1445 21211 156
1446 20972 156
1447 21222 156
1448 21431 156
1449 21679 157
1450 21124 156
1451 21776 157
1452 21918 157
1453 21516 156
1454 21413 157
1455 21065 156
1456 21218 156
1457 21555 157
1458 21683 157
1459 21453 157
1460 21550 157
1461 21225 156
1462 21611 157
1463 21351 157
1464 21566 157
1465 21163 156
1466 21533 157
1467 21414 157
1468 21395 156
1469 21131 156
1470 20933 156
1471 21339 156
1472 21552 157
1473 20973 156
1474 21691 157
1475 21166 156
1476 21446 157
1477 22127 157
1478 21071 156
1479 21511 157
1480 21269 156
1481 21641 157
1482 21256 156
1483 21217 156
1484 21971 157
1485 21471 157
1486 21586 157
1487 21509 157
1488 21026 156
1489 21511 157
1490 21950 158
1491 21039 156
1492 21249 156
1493 21334 157
1494 21346 156
1495 21243 156
1496 21525 156
1497 21971 157
1498 21932 157
1499 21244 156
1500 21513 157
1501 21347 156
1502 21679 157
1503 21359 157
1504 21270 156
1505 21203 156
1506 21292 156
1507 20947 157
1508 20448 156
1509 20419 156
1510 19667 155
1511 20742 156
1512 20890 156
1513 16930 154
1514 10344 146
1515 11776 147
1516 21234 157
1517 20692 157
1518 646 154
1521 15578 158
1522 5066 157
1526 5624 153
1527 13784 150
1528 9804 150
1530 4696 154
1629 5430 154
1630 20421 161
1631 21253 161
1632 16011 156
1633 3296 161
1634 5460 161
1635 13412 161
1636 9899 157
1640 2322 161
1641 11046 156
1642 5286 152
1643 16384 156
1644 3352 153
1646 18631 156
1647 19559 160
1648 20229 158
1649 12844 150
1650 13760 150
1651 19963 158
1652 21075 159
1653 21014 159
1654 20839 158
1655 20939 159
1656 19333 157
1657 20586 158
1658 21139 159
1659 21481 160
1660 14051 152
1661 8338 148
1662 16993 154
1663 18185 156
1664 9938 151
1841 2793 148
1842 3722 150
1843 16622 158
1844 20600 161
1845 18733 158
1846 12170 158
1847 5287 149
1850 17964 159
1851 13220 156
1852 9682 150
1853 914 156
1860 3855 156
1862 12410 150
1863 13570 156
1880 13978 156
1881 20306 160
1882 20885 160
1883 20646 158
1884 20985 159
1885 20446 157
1886 20233 157
1887 20459 158
1888 20820 158
1889 20953 158
1890 21009 158
1891 20267 157
1892 20687 158
1893 19141 156
1894 20466 157
1895 20776 158
1896 20998 158
1897 20759 157
1898 21192 158
1899 21262 158
1900 20745 157
1901 21265 158
1902 21022 158
1903 20874 158
1904 21234 158
1905 21223 158
1906 21143 158
1907 21044 158
1908 16954 155
1909 7415 150
1910 9874 151
1911 20943 158
1912 21071 158
1913 20399 157
1914 20310 156
1915 20902 157
1916 20832 157
1917 20957 157
1918 20219 157
1919 20658 157
1920 5711 138
1921 10274 145
1922 20988 158
1923 21154 157
1924 20809 157
1925 20990 157
1926 20658 157
1927 18594 155
1928 21177 158
1929 20092 156
1930 20642 157
1931 20514 156
1932 20798 157
1933 20881 157
1934 20035 156
1935 4975 141
1936 14359 150
1937 6928 142
1938 14627 150
1939 15440 152
1940 12223 148
1941 7018 145
1942 2822 148
1943 13821 152
1944 21167 158
1945 16928 153
1946 4978 140
1947 12275 145
1948 19924 153
1949 20318 157
1950 20611 157
1951 18515 155
1952 16467 154
1953 11759 147
1954 8656 148
1955 15469 151
1956 17386 155
1960 1724 151
1961 8482 144
1962 9817 147
1963 12325 150
1964 19018 158
1965 16761 154
1966 3308 145
1967 4618 147
1968 5881 150
1969 3514 143
1970 1374 148
1971 5140 143
1972 2535 148
1973 5965 148
1976 6267 153
1977 10715 147
1978 16135 152
1979 20775 158
1980 21520 159
1981 21231 158
1982 21253 159
1983 20726 159
1985 10324 153
1987 952 145
1989 3801 155
1990 13822 160
1991 16056 153
1992 9742 149
1995 18670 161
1996 1572 145
2006 19598 159
2007 18265 156
2008 18238 156
2009 16082 155
2010 4069 145
2011 21169 159
2012 19231 157
2013 19348 158
2014 20881 158
2015 20663 158
2016 20700 158
2017 21155 159
2018 20386 157
2019 20836 158
2020 19507 157
2021 20545 158
2022 15082 153
2023 18698 156
2024 3703 153
2034 20932 165
2035 20942 161
2036 20705 159
2037 20869 159
2038 20994 159
2039 20822 159
2040 18201 164
2041 21090 159
2042 20765 158
2043 20472 158
2044 20725 158
2045 21358 159
2046 21226 159
2047 20734 158
2048 20961 158
2049 20611 157
2050 20680 157
2051 20686 157
2052 20487 157
2053 21030 158
2054 20686 157
2055 20578 157
2056 20631 157
2057 20822 157
2058 20197 157
2059 20906 158
2060 20931 158
2061 20162 157
2062 19929 158
2063 7912 148
2064 1784 163
2075 9329 154
2076 9937 153
2083 4542 152
2088 464 152
2098 680 153
2099 9064 154
2157 4297 164
2158 8971 154
2159 930 160
