NUMBER FLUX_APER FLUXERR_APER
901 5011 128
902 5355 129
903 5197 129
904 5171 129
905 5239 129
906 5328 129
907 5005 128
908 5273 129
909 5255 129
910 5250 129
911 5063 129
912 5186 129
913 5440 129
914 5250 129
915 5210 129
916 5325 129
917 5351 129
918 5099 129
919 5369 129
920 5108 129
921 5044 128
922 5241 129
923 5411 129
924 5230 129
925 5269 129
926 5381 129
927 5095 129
928 5365 129
929 5504 129
930 5328 129
931 5375 129
932 5277 129
933 5293 129
934 5343 129
935 5437 129
936 5087 129
937 5200 129
938 5241 129
939 5475 129
940 5484 130
941 5220 129
942 5218 129
943 5432 129
944 4999 129
945 5295 129
946 5210 129
947 5088 129
948 5167 129
949 5140 129
950 5499 129
951 5367 130
952 5367 129
953 5156 129
954 5163 129
955 5246 130
956 5114 129
957 5424 129
958 5125 129
959 5281 129
960 5201 129
961 5204 129
962 5258 129
963 5407 130
964 5245 129
965 5101 129
966 5135 129
967 5424 129
968 5312 129
969 5168 129
970 5064 129
971 5119 129
972 5393 129
973 5117 129
974 4842 128
975 5227 129
976 5301 129
977 5388 130
978 5381 129
979 5275 129
980 5049 129
981 4840 129
982 5220 130
983 5150 129
984 5379 130
985 5240 129
986 5143 129
987 5266 129
988 5316 129
989 5090 129
990 5229 130
991 5199 129
992 5284 130
993 5237 129
994 5197 129
995 5196 129
996 5225 129
997 5048 128
998 5262 129
999 5148 129
1000 5255 129
1001 5305 129
1002 5432 129
1003 5234 129
1004 5399 129
1005 5122 129
1006 5412 129
1007 5461 129
1008 5173 128
1009 5215 129
1010 5158 129
1011 5277 129
1012 5351 129
1013 5225 129
1014 5067 129
1015 5255 129
1016 5261 129
1017 5191 129
1018 5205 129
1019 5119 129
1020 5142 129
1021 5284 129
1022 5078 129
1023 5101 129
1024 5405 129
1025 5155 129
1026 5175 129
1027 5211 129
1028 5156 129
1029 5077 129
1030 5275 129
1031 5223 129
1032 5367 129
1033 5210 129
1034 4990 128
1035 5192 129
1036 5330 129
1037 5053 128
1038 5241 129
1039 5092 129
1040 5236 129
1041 5117 128
1042 5339 129
1043 5151 129
1044 5328 129
1045 5432 129
1046 5173 129
1047 5344 129
1048 5299 129
1049 5462 129
1050 5337 129
1051 4939 128
1052 5005 128
1053 5330 129
1054 5273 129
1055 5316 129
1056 5354 129
1057 5139 129
1058 5138 129
1059 5310 129
1060 5128 129
1061 5219 129
1062 5161 129
1063 5178 129
1064 5161 129
1065 5400 129
1066 5173 129
1067 4998 129
1068 5444 129
1069 5292 129
1070 5228 129
1071 5348 129
1072 4925 129
1073 5193 128
1074 5143 129
1075 5225 129
1076 5119 129
1077 5061 128
1078 5344 128
1079 5224 128
1080 5478 129
1081 5307 129
1082 5208 128
1083 5133 128
1084 5248 129
1085 5273 129
1086 5376 129
1087 5593 130
1088 5427 129
1089 5326 129
1090 5344 129
1091 5251 129
1092 5189 129
1093 5216 129
1094 5504 130
1095 5453 130
1096 5371 129
1097 5115 129
1098 5273 130
1099 5217 129
1100 5442 130
1101 5117 129
1102 5258 129
1103 5115 129
1104 5100 129
1105 5294 130
1106 5009 129
1107 5148 129
1108 5109 129
1109 5224 129
1110 5242 130
1111 5130 129
1112 5324 130
1113 5180 129
1114 5001 129
1115 5287 130
1116 5191 129
1117 5124 129
1118 5272 129
1119 5394 129
1120 5313 129
1121 5294 129
1122 5427 129
1123 5051 129
1124 5370 129
1125 5310 129
1126 5125 129
1127 5391 129
1128 5094 129
1129 5241 129
1130 5346 130
1131 5203 129
1132 5310 130
1133 5244 129
1134 5089 129
1135 5299 129
1136 5166 129
1137 5020 129
1138 5397 130
1139 5103 129
1140 5302 129
1141 5392 130
1142 5284 129
1143 5236 129
1144 5313 129
1145 5336 130
1146 5219 129
1147 5311 129
1148 5332 130
1149 5118 129
1150 5361 129
1151 5340 129
1152 5332 129
1153 5265 130
1154 5194 129
1155 5166 129
1156 5296 129
1157 5255 129
1158 5234 129
1159 5210 129
1160 5137 129
1161 5348 129
1162 5074 129
1163 5162 129
1164 5038 129
1165 5254 129
1166 5218 129
1167 5204 129
1168 5196 129
1169 4987 129
1170 5281 129
1171 5291 129
1172 5133 129
1173 5419 130
1174 5185 129
1175 5165 129
1176 5371 129
1177 5087 128
1178 5257 130
1179 5220 129
1180 5082 129
1181 4970 128
1182 5136 129
1183 5317 129
1184 5314 130
1185 5294 129
1186 5062 129
1187 5232 129
1188 5216 129
1189 4961 128
1190 5510 130
1191 5474 130
1192 5271 130
1193 5082 129
1194 5238 129
1195 5053 129
1196 5322 129
1197 5085 129
1198 5147 129
1199 5192 129
1200 5309 129
1201 5112 129
1202 5409 129
1203 4976 129
1204 5206 129
1205 5329 129
1206 5316 129
1207 5352 129
1208 5106 129
1209 5116 129
1210 5342 129
1211 5189 129
1212 5215 129
1213 5009 128
1214 5353 129
1215 5134 129
1216 5128 129
1217 5192 129
1218 5237 129
1219 5220 129
1220 5138 129
1221 5249 129
1222 5184 129
1223 5094 129
1224 4995 129
1225 5334 129
1226 5254 129
1227 5029 129
1228 5210 129
1229 5127 129
1230 5437 130
1231 5088 129
1232 5279 129
1233 5052 129
1234 5260 129
1235 5089 129
1236 5277 129
1237 5086 129
1238 5183 129
1239 5475 130
1240 5199 129
1241 5055 129
1242 5009 129
1243 5117 129
1244 5046 129
1245 5297 129
1246 5091 129
1247 5370 130
1248 5220 129
1249 5249 129
1250 5227 129
1251 5117 129
1252 5179 129
1253 5062 129
1254 5238 129
1255 5319 129
1256 5250 129
1257 5131 129
1258 5317 129
1259 5409 130
1260 5157 130
1261 5363 129
1262 5034 129
1263 5142 129
1264 5250 129
1265 5074 129
1266 5289 130
1267 5289 130
1268 4993 129
1269 5231 129
1270 4902 129
1271 5330 129
1272 5134 129
1273 5019 129
1274 4987 129
1275 4997 129
1276 5186 129
1277 5122 129
1278 4984 129
1279 5099 129
1280 5234 129
1281 5233 129
1282 4978 129
1283 5254 129
1284 5371 130
1285 4995 129
1286 4964 129
1287 5127 129
1288 5129 129
1289 5095 129
1290 4963 128
1291 5030 129
1292 5114 129
1293 4982 128
1294 5212 129
1295 5227 129
1296 4845 128
1297 5202 129
1298 5135 129
1299 5097 129
1300 5120 129
1301 5062 129
1302 5087 129
1303 4994 129
1304 5244 129
1305 5079 129
1306 5008 129
1307 5146 129
1308 5433 130
1309 5173 129
1310 5013 129
1311 5260 129
1312 5182 129
1313 5092 129
1314 4915 128
1315 5255 129
1316 5171 129
1317 5101 129
1318 5027 129
1319 5247 129
1320 5264 129
1321 5234 129
1322 5292 129
1323 5117 129
1324 5162 129
1325 5050 129
1326 4851 128
1327 5149 130
1328 5066 129
1329 5074 128
1330 5014 129
1331 4990 128
1332 4859 128
1333 5162 129
1334 5184 129
1335 5182 129
1336 5189 129
1337 5172 129
1338 5070 129
1339 5226 129
1340 5155 129
1341 4916 129
1342 5116 129
1343 5010 129
1344 5050 128
1345 5139 128
1346 5082 129
1347 5172 129
1348 5152 129
1349 5385 129
1350 4914 128
1351 5011 129
1352 5033 129
1353 5295 129
1354 4972 129
1355 5135 129
1356 4995 128
1357 5017 129
1358 5120 129
1359 5152 129
1360 5084 129
1361 4973 129
1362 4870 128
1363 5181 129
1364 4988 128
1365 5262 129
1366 5059 129
1367 5104 129
1368 5064 129
1369 5207 129
1370 5236 129
1371 5310 129
1372 5228 129
1373 5325 129
1374 5252 129
1375 5081 128
1376 5147 129
1377 5048 129
1378 5236 129
1379 5225 129
1380 4966 128
1381 5205 129
1382 5220 129
1383 5162 129
1384 5088 129
1385 5125 129
1386 4862 128
1387 5015 129
1388 5166 129
1389 5299 129
1390 5174 129
1391 5327 129
1392 5237 129
1393 4970 129
1394 5145 129
1395 5063 129
1396 4830 128
1397 5089 129
1398 5248 129
1399 5093 129
1400 5242 129
1401 4952 128
1402 5223 129
1403 5035 129
1404 5127 129
1405 5190 129
1406 4942 129
1407 5126 129
1408 5315 129
1409 5157 129
1410 5045 129
1411 4669 130
1412 4799 129
1413 5162 129
1414 5145 129
1415 5168 129
1416 5046 129
1417 5493 129
1418 5131 129
1419 4973 129
1420 5361 129
1421 5158 129
1422 4935 128
1423 5177 129
1424 5191 129
1425 5134 129
1426 5325 129
1427 5166 129
1428 5233 129
1429 5332 129
1430 5095 129
1431 5171 129
1432 5259 129
1433 5093 129
1434 5167 129
1435 5045 129
1436 4960 128
1437 5051 129
1438 5138 128
1439 5087 129
1440 5126 129
1441 5049 128
1442 5048 129
1443 5077 129
1444 4956 128
1445 5088 129
1446 5136 129
1447 5188 129
1448 5159 129
1449 4947 129
1450 5395 129
1451 5150 129
1452 5145 129
1453 5412 129
1454 5156 129
1455 4925 128
1456 5468 129
1457 5232 129
1458 5371 130
1459 5311 129
1460 5143 129
1461 5057 129
1462 5164 129
1463 5030 129
1464 5355 129
1465 5058 129
1466 5129 129
1467 4981 129
1468 5143 129
1469 5208 129
1470 5191 129
1471 5085 129
1472 5124 129
1473 5255 129
1474 5125 129
1475 5077 129
1476 5051 129
1477 5087 128
1478 5368 129
1479 5304 129
1480 5173 129
1481 5259 129
1482 5413 130
1483 5163 129
1484 5243 129
1485 5268 129
1486 5189 130
1487 4948 129
1488 5169 129
1489 5041 129
1490 4927 129
1491 5095 129
1492 5057 129
1493 5253 129
1494 5229 129
1495 5252 129
1496 5140 129
1497 5343 129
1498 5272 129
1499 5188 129
1500 5229 129
1501 5108 129
1502 5423 129
1503 5184 129
1504 4925 129
1505 5080 129
1506 5170 129
1507 5046 130
1508 4306 129
1509 4856 130
1510 4738 130
1511 5162 130
1512 5114 129
1513 3532 131
1514 2723 132
1515 3868 133
1516 5145 130
1517 4962 131
1518 9796 168
1521 3276 138
1522 824 150
1526 1286 146
1527 4555 134
1528 2196 137
1530 1420 149
1629 1213 148
1630 5119 136
1631 4971 135
1632 4176 136
1633 1146 158
1634 1345 155
1635 3120 145
1636 2307 145
1640 611 158
1641 2686 142
1642 1741 146
1643 4215 136
1644 1526 150
1646 4745 133
1647 3504 133
1648 4633 132
1649 3299 134
1650 3393 132
1651 4603 132
1652 5068 132
1653 4760 132
1654 5286 133
1655 5100 132
1656 4225 132
1657 4981 132
1658 5186 132
1659 5053 132
1660 3519 134
1661 2236 137
1662 4478 133
1663 5041 134
1664 2655 139
1841 597 145
1842 687 145
1843 3250 136
1844 4786 134
1845 4676 135
1846 2618 143
1847 1549 143
1850 4451 137
1851 3404 140
1852 2925 139
1853 10877 171
1860 18539 178
1862 4106 136
1863 3309 139
1880 2888 138
1881 4209 134
1882 4477 133
1883 5057 133
1884 4844 132
1885 5168 132
1886 4916 132
1887 5043 132
1888 5049 132
1889 5052 132
1890 4872 131
1891 4932 132
1892 4843 131
1893 4666 132
1894 4890 131
1895 5015 131
1896 4875 131
1897 4941 131
1898 4938 131
1899 4893 130
1900 5019 131
1901 4958 131
1902 4930 131
1903 5064 131
1904 5084 131
1905 4791 130
1906 5007 130
1907 4972 131
1908 3975 134
1909 1889 141
1910 2391 138
1911 4922 131
1912 5029 131
1913 5077 131
1914 4889 130
1915 5177 131
1916 4892 131
1917 4798 130
1918 4928 131
1919 4815 130
1920 2425 132
1921 2327 131
1922 4750 130
1923 4878 130
1924 4929 130
1925 5078 130
1926 4761 130
1927 3903 130
1928 4941 130
1929 4959 131
1930 4645 130
1931 4743 129
1932 4861 130
1933 5077 131
1934 4711 130
1935 1144 134
1936 3164 130
1937 1887 133
1938 3762 131
1939 3450 132
1940 3392 132
1941 1731 136
1942 465 144
1943 2800 133
1944 4772 130
1945 4279 131
1946 1424 134
1947 2012 131
1948 5139 131
1949 6027 133
1950 4797 131
1951 4687 132
1952 3629 132
1953 3306 132
1954 1165 135
1955 4361 133
1956 3666 132
1960 263 149
1961 2586 134
1962 2143 134
1963 3041 134
1964 4325 133
1965 3711 131
1966 908 141
1967 1069 141
1968 1475 142
1969 1509 139
1970 557 147
1971 1501 136
1972 535 145
1973 1272 140
1976 717 144
1977 2245 133
1978 4158 132
1979 5012 132
1980 5336 132
1981 4882 131
1982 4975 131
1983 5019 132
1985 1497 139
1987 952 144
1989 667 150
1990 1761 141
1991 4473 133
1992 2289 137
1995 3648 137
1996 825 144
2006 3873 133
2007 4318 133
2008 4610 133
2009 3066 133
2010 1050 139
2011 5227 132
2012 4480 132
2013 4066 133
2014 4976 132
2015 5124 132
2016 5117 132
2017 5098 132
2018 5132 132
2019 4963 132
2020 4859 132
2021 4905 132
2022 3208 132
2023 5238 134
2024 15584 171
2034 4481 139
2035 5040 135
2036 4892 133
2037 4748 133
2038 4869 133
2039 5245 134
2040 2817 139
2041 5036 133
2042 5158 132
2043 4940 132
2044 5088 132
2045 5180 132
2046 5258 132
2047 4988 131
2048 4750 130
2049 5041 131
2050 4865 131
2051 4954 131
2052 5101 132
2053 4944 131
2054 5068 131
2055 4904 131
2056 4704 130
2057 5186 131
2058 5248 132
2059 4840 131
2060 5054 132
2061 4649 131
2062 4922 133
2063 2477 139
2064 17588 185
2075 2246 143
2076 2710 141
2083 1035 146
2088 9425 166
2098 451 152
2099 1869 142
2157 34160 204
2158 3540 146
2159 37214 208
