NUMBER FLUX_APER FLUXERR_APER
0 27225 170
1 27225 170
2 27407 170
3 27401 170
4 27308 170
5 27487 170
6 27487 170
7 27367 170
8 27676 170
9 27123 169
10 27661 170
11 27428 170
12 27378 170
13 27135 169
14 27530 170
15 27364 170
16 27111 169
17 27187 169
18 27275 170
19 27390 170
20 27602 170
21 27118 170
22 27198 169
23 27501 170
24 27441 170
25 27014 170
26 27000 171
27 27233 171
28 27929 172
29 27100 170
30 27591 171
31 27172 170
32 27536 171
33 27104 170
34 27388 170
35 27478 171
36 27249 170
37 27584 170
38 27180 170
39 27471 170
40 27097 171
41 27589 172
42 27576 171
43 27295 171
44 27451 170
45 27282 171
46 26992 170
47 26852 169
48 27277 170
49 27017 169
50 26669 170
51 27268 171
52 26524 170
53 27571 171
54 27089 169
55 27516 170
56 27236 169
57 27441 170
58 27168 170
59 27507 170
60 27631 170
61 27500 170
62 27533 170
63 27488 170
64 27608 170
65 27383 170
66 27562 170
67 27140 170
68 27243 169
69 27272 170
70 27201 170
71 27186 169
72 27266 170
73 27742 170
74 27234 170
75 27124 170
76 27267 169
77 27427 170
78 27622 170
79 27710 170
80 27199 169
81 27379 170
82 27234 170
83 27301 170
84 27211 170
85 27281 170
86 27393 170
87 26904 169
88 27317 169
89 27434 170
90 27004 169
91 27739 170
92 27571 170
93 27573 170
94 27362 170
95 27038 169
96 27451 170
97 27547 170
98 27358 170
99 27612 170
100 27423 170
101 27143 170
102 27402 170
103 27669 170
104 27865 170
105 27467 170
106 27281 170
107 27805 170
108 27098 169
109 27409 169
110 27558 170
111 27243 170
112 27186 170
113 27360 170
114 27452 170
115 27175 169
116 27199 169
117 27914 170
118 27280 170
119 27372 170
120 27320 170
121 27299 169
122 27487 170
123 27696 170
124 27303 170
125 27458 170
126 27725 170
127 27178 169
128 27602 170
129 27245 169
130 27627 170
131 27417 170
132 27295 170
133 26776 169
134 27212 169
135 27194 169
136 27464 170
137 26991 169
138 27128 169
139 26804 169
140 27552 170
141 26865 169
142 27406 170
143 27052 169
144 27275 170
145 27404 170
146 27523 170
147 27378 170
148 27489 170
149 27230 169
150 27367 170
151 27371 169
152 27175 169
153 27049 169
154 27222 169
155 27082 169
156 27627 170
157 26694 169
158 27555 170
159 27223 169
160 27160 170
161 27423 170
162 27511 170
163 27130 169
164 26905 169
165 27241 169
166 27539 170
167 27746 170
168 27246 170
169 27475 170
170 27169 169
171 27271 169
172 27812 170
173 27111 169
174 27100 169
175 27724 170
176 27461 170
177 27301 169
178 27419 170
179 27491 170
180 27039 169
181 27268 170
182 27287 170
183 27342 169
184 27201 170
185 27578 170
186 27476 170
187 27357 170
188 27568 170
189 27482 170
190 26987 169
191 27142 169
192 27288 170
193 27115 169
194 27362 170
195 27155 169
196 27076 169
197 27417 169
198 27519 170
199 27209 169
200 27277 169
201 27352 169
202 27118 169
203 27112 169
204 27296 169
205 27002 169
206 27465 170
207 27173 169
208 27222 169
209 27074 169
210 26959 169
211 27272 169
212 27118 169
213 26428 168
214 27015 169
215 27244 170
216 27152 169
217 27395 169
218 27361 170
219 27292 170
220 27172 170
221 27537 170
222 27755 170
223 27090 169
224 27571 170
225 27068 169
226 27356 170
227 27377 169
228 26977 169
229 27527 170
230 27063 169
231 27313 169
232 27101 169
233 27343 169
234 27057 169
235 27264 169
236 26886 169
237 27188 169
238 26966 169
239 27228 169
240 27158 169
241 27095 169
242 27357 170
243 26840 169
244 26878 169
245 27463 169
246 26786 169
247 27221 170
248 26992 169
249 27041 169
250 27175 169
251 26862 169
252 27686 170
253 27081 169
254 27324 170
255 27181 169
256 27487 170
257 27559 170
258 27151 169
259 26761 169
260 27635 170
261 26910 169
262 27360 170
263 26734 169
264 27224 169
265 26703 168
266 27649 170
267 27013 169
268 27073 169
269 27227 169
270 27235 169
271 27037 169
272 27017 169
273 27078 169
274 26850 169
275 27477 170
276 26842 169
277 27010 169
278 27209 169
279 27631 170
280 27370 169
281 27450 169
282 27021 169
283 27193 169
284 27356 170
285 26934 169
286 27414 170
287 27230 169
288 27089 169
289 27092 169
290 27155 169
291 27360 169
292 26909 169
293 27348 170
294 27248 169
295 27351 170
296 27330 169
297 27175 169
298 27183 169
299 27128 169
300 27478 170
301 26921 169
302 27583 170
303 27267 169
304 27187 169
305 27084 169
306 27262 169
307 27459 169
308 27104 169
309 27236 169
310 27053 169
311 27632 170
312 27154 169
313 27522 170
314 27258 169
315 27151 169
316 27864 170
317 27655 170
318 26819 169
319 27260 169
320 27089 169
321 27119 169
322 26970 169
323 27057 169
324 27356 170
325 27195 169
326 26970 169
327 27369 170
328 27406 170
329 26970 169
330 27270 170
331 26768 168
332 27378 170
333 27245 169
334 26840 169
335 26887 169
336 27523 170
337 27332 169
338 27013 169
339 27024 169
340 26991 169
341 27021 169
342 27149 169
343 27289 169
344 27171 169
345 27109 169
346 27131 169
347 27282 170
348 27073 169
349 26977 169
350 27301 169
351 27227 169
352 27440 170
353 27080 169
354 27079 169
355 27351 170
356 27354 169
357 27213 169
358 26592 169
359 27032 169
360 27211 169
361 27030 169
362 26776 169
363 27419 170
364 26909 169
365 27499 170
366 27502 169
367 27465 170
368 27135 169
369 27189 169
370 27058 169
371 27027 169
372 27305 169
373 26802 169
374 27086 169
375 27328 170
376 27278 169
377 27211 169
378 27097 169
379 27436 170
380 26950 169
381 27364 170
382 27022 169
383 27300 170
384 27019 169
385 27624 170
386 26990 169
387 27239 169
388 27333 169
389 27226 169
390 27004 169
391 27022 169
392 27427 170
393 27511 170
394 27611 170
395 26875 169
396 26794 169
397 26887 169
398 26976 169
399 27504 170
400 27156 169
401 27196 169
402 27337 170
403 26777 169
404 27304 170
405 27359 170
406 27005 169
407 27466 170
408 27069 169
409 26868 169
410 26802 169
411 26951 169
412 26867 169
413 27280 169
414 27572 170
415 27040 169
416 27221 170
417 27128 169
418 26758 169
419 27199 169
420 27251 169
421 26985 169
422 26821 169
423 27312 170
424 27312 169
425 27136 169
426 16139 153
427 26681 168
428 22642 163
429 27075 169
430 27011 169
431 26745 168
432 27291 169
433 27714 170
434 27189 169
435 27480 170
436 27124 169
437 27421 169
438 27367 169
439 27059 169
440 27335 170
441 27110 169
442 27133 169
443 26834 169
444 27175 169
445 27404 170
446 26935 169
447 26991 169
448 27299 169
449 27286 169
450 27147 169
451 35031 180
452 27063 169
453 27005 169
454 27208 169
455 27158 169
456 26968 169
457 27155 169
458 27197 169
459 27201 169
460 27695 170
461 27097 169
462 27493 170
463 26941 169
464 26485 168
465 27349 170
466 27330 169
467 27208 169
468 26934 169
469 26976 169
470 27257 169
471 27143 169
472 27014 169
473 27004 169
474 27318 169
475 26862 169
476 27460 170
477 27199 169
478 27443 169
479 27195 169
480 26772 168
481 27282 169
482 27073 169
483 27168 169
484 27143 169
485 26706 169
486 27276 169
487 27185 169
488 26598 168
489 26826 169
490 26900 169
491 27253 169
492 26917 169
493 27070 169
494 27051 169
495 27138 169
496 27029 169
497 27768 170
498 27068 169
499 26873 169
500 27069 169
501 27053 169
502 27246 169
503 26755 168
504 27024 169
505 27282 169
506 27433 169
507 27468 169
508 26737 169
509 27185 169
510 27197 169
511 26891 169
512 26829 169
513 27011 169
514 27404 169
515 26951 169
516 26893 169
517 27229 169
518 26739 169
519 27032 169
520 27112 169
521 26943 169
522 26820 168
523 27243 169
524 26778 168
525 26933 168
526 27113 169
527 27199 169
528 27143 169
529 27066 169
530 26983 169
531 26810 168
532 26758 169
533 26878 168
534 27269 169
535 27070 169
536 27468 170
537 26729 168
538 27224 169
539 27126 169
540 26767 169
541 26807 168
542 26637 168
543 27224 169
544 27261 169
545 27149 169
546 27182 169
547 27076 169
548 27001 168
549 26940 169
550 27137 169
551 26750 168
552 26979 169
553 26929 168
554 27016 169
555 26645 169
556 27407 169
557 27210 169
558 26971 169
559 27156 169
560 27023 169
561 26881 168
562 27241 169
563 27084 169
564 27322 169
565 27025 169
566 27357 169
567 27285 169
568 26857 169
569 27244 169
570 27461 170
571 26496 168
572 27033 169
573 27115 169
574 27635 170
575 27248 169
576 27343 169
577 27635 170
578 27429 169
579 26986 169
580 26780 168
581 27514 169
582 26761 168
583 27118 169
584 26952 169
585 26492 168
586 26650 168
587 27437 169
588 26693 169
589 26790 168
590 26669 168
591 26904 169
592 26993 169
593 27390 169
594 26958 169
595 27044 169
596 27064 169
597 26925 169
598 26925 169
599 27455 170
600 27244 169
601 26797 169
602 27150 169
603 27066 169
604 26729 168
605 27294 169
606 27163 169
607 26848 169
608 26628 168
609 26623 168
610 27413 170
611 27108 169
612 26842 169
613 27135 169
614 26990 169
615 27000 169
616 26541 168
617 26905 169
618 27478 169
619 27305 169
620 27054 169
621 27109 169
622 27106 169
623 26439 168
624 26539 168
625 26700 168
626 26869 169
627 27229 170
628 27092 169
629 26824 169
630 26778 169
631 27373 170
632 26599 168
633 26737 169
634 27213 169
635 26531 169
636 27446 170
637 27159 169
638 27836 170
639 27033 169
640 27161 169
641 26803 169
642 26577 168
643 27174 169
644 27431 170
645 27193 169
646 26883 168
647 27061 169
648 26684 168
649 27028 169
650 26782 169
651 27040 169
652 26607 168
653 26958 169
654 27407 169
655 27090 169
656 26698 168
657 26488 168
658 26955 168
659 26814 168
660 26978 169
661 27043 169
662 27038 169
663 26877 169
664 26588 168
665 27131 169
666 26498 168
667 27410 170
668 27152 169
669 26707 168
670 26904 168
671 26425 168
672 27231 169
673 27146 169
674 26797 169
675 26652 168
676 27233 169
677 26991 169
678 27119 169
679 26899 169
680 26750 168
681 26546 168
682 26740 168
683 27008 169
684 26779 168
685 27050 169
686 27280 169
687 27235 169
688 27025 169
689 26856 168
690 27123 169
691 26839 168
692 26753 168
693 27188 169
694 26716 169
695 26377 168
696 26625 168
697 27066 169
698 26875 169
699 27073 169
700 27006 169
701 26996 169
702 27127 169
703 26795 168
704 26728 168
705 27218 169
706 26500 168
707 27261 169
708 26912 169
709 26847 169
710 27712 170
711 26956 169
712 27010 169
713 26633 168
714 26758 168
715 26590 168
716 26961 169
717 27267 169
718 26876 169
719 26796 168
720 26613 168
721 26933 169
722 27301 169
723 27292 169
724 27255 169
725 26492 168
726 27293 169
727 26977 169
728 26736 169
729 26865 169
730 26684 168
731 26956 169
732 26518 168
733 26754 169
734 26839 168
735 26677 168
736 26604 168
737 27250 169
738 26528 168
739 26896 169
740 26873 169
741 26771 168
742 26624 168
743 27035 169
744 26886 169
745 26591 168
746 26983 169
747 27006 169
748 26788 169
749 26990 168
750 26875 169
751 26846 168
752 26836 168
753 27072 169
754 26676 168
755 26425 168
756 26765 168
757 26684 168
758 26919 169
759 26948 169
760 26773 168
761 26693 168
762 26451 168
763 26658 168
764 26860 169
765 25956 167
766 26546 168
767 27119 169
768 26620 168
769 26522 169
770 27129 169
771 26848 169
772 26764 169
773 26804 168
774 26808 169
775 26357 168
776 26234 168
777 26806 169
778 26557 168
779 27083 169
780 26634 168
781 26372 168
782 26935 169
783 26492 168
784 26684 169
785 26788 168
786 26651 168
787 26490 168
788 27013 169
789 26757 169
790 27206 169
791 26845 168
792 27210 169
793 26559 168
794 26892 169
795 26736 169
796 26697 168
797 27369 169
798 26893 169
799 26921 169
800 27036 169
801 26667 169
802 27266 169
803 26512 168
804 27518 170
805 26066 168
806 27105 169
807 26594 169
808 26761 169
809 27132 169
810 26573 168
811 26548 168
812 27100 169
813 26640 169
814 26672 168
815 26719 168
816 26759 168
817 26824 169
818 26969 169
819 26906 169
820 27016 169
821 26651 169
822 915 126
823 26753 169
824 26985 169
825 26666 168
826 26743 169
827 26930 169
828 26657 168
829 26831 169
830 26963 169
831 26613 168
832 26591 169
833 26618 168
834 26623 168
835 27055 169
836 26804 169
837 26922 169
838 26391 168
839 27027 169
840 26913 169
841 26684 169
842 26618 168
843 26639 169
844 27010 169
845 26800 169
846 26791 169
847 26555 168
848 26762 168
849 26832 169
850 26476 168
851 26623 168
852 26437 168
853 26653 168
854 26460 168
855 27235 169
856 26467 168
857 26755 168
858 26824 169
859 26427 168
860 26821 169
861 26832 169
862 26614 168
863 26884 169
864 26900 169
865 26950 169
866 26487 168
867 26946 169
868 26879 169
869 26841 169
870 26831 169
871 26460 168
872 26647 169
873 26272 168
874 26626 168
875 26101 167
876 26714 168
877 26232 168
878 26673 169
879 26964 169
880 26151 168
881 26584 168
882 27034 169
883 27043 169
884 26926 169
885 26716 169
886 26471 168
887 27057 169
888 26986 169
889 26559 168
890 26612 168
891 26829 169
892 26641 169
893 26387 168
894 26945 169
895 26491 168
896 26514 168
897 26359 168
898 26340 168
899 27262 169
900 26711 168
