NUMBER FLUX_APER FLUXERR_APER
901 20432 155
902 19927 154
903 20135 154
904 20125 154
905 20261 155
906 19972 154
907 20092 154
908 19952 154
909 20194 155
910 19822 154
911 20091 154
912 19901 154
913 19566 153
914 19779 154
915 19934 154
916 19921 154
917 19997 154
918 20276 155
919 20082 154
920 20448 155
921 20161 154
922 19654 154
923 19923 154
924 19949 154
925 19781 154
926 19910 154
927 19906 154
928 20119 154
929 19713 154
930 19641 154
931 19509 153
932 19530 153
933 19920 154
934 20001 154
935 20187 155
936 19969 154
937 19671 154
938 19874 154
939 20004 154
940 20036 154
941 19734 154
942 20045 154
943 20268 155
944 19812 154
945 20117 155
946 19874 154
947 19938 154
948 20046 154
949 19772 154
950 19776 154
951 19673 154
952 19988 154
953 19837 154
954 19841 154
955 19599 154
956 19804 154
957 19880 154
958 19814 154
959 19799 154
960 19659 154
961 19524 154
962 20129 154
963 19760 154
964 19720 154
965 19771 154
966 19808 154
967 19900 154
968 19956 154
969 19994 154
970 20106 154
971 19856 154
972 20050 154
973 19566 154
974 19696 154
975 20083 154
976 19328 153
977 19841 154
978 19836 154
979 19566 154
980 19879 154
981 20171 155
982 19858 154
983 19721 154
984 20031 155
985 19659 154
986 20002 154
987 20235 155
988 19977 154
989 20039 155
990 19881 154
991 19961 154
992 19511 154
993 20089 154
994 19862 154
995 19778 154
996 19780 154
997 19862 154
998 20019 154
999 19967 154
1000 19748 154
1001 19991 154
1002 20194 154
1003 20136 154
1004 20098 154
1005 20200 154
1006 19847 154
1007 19822 154
1008 20174 154
1009 19852 154
1010 19873 154
1011 19720 154
1012 19577 153
1013 19814 154
1014 20259 155
1015 19986 154
1016 19691 154
1017 19864 154
1018 20068 154
1019 19917 154
1020 19897 154
1021 19789 154
1022 20146 154
1023 19351 153
1024 20399 155
1025 19701 154
1026 19869 154
1027 19637 154
1028 19510 154
1029 20074 154
1030 19917 154
1031 20056 154
1032 20172 154
1033 19950 154
1034 19732 154
1035 19473 153
1036 19981 154
1037 19658 153
1038 20128 155
1039 19877 154
1040 20025 154
1041 19876 154
1042 19916 154
1043 19998 154
1044 19329 153
1045 19811 154
1046 20245 155
1047 20107 154
1048 19736 154
1049 20032 154
1050 20127 154
1051 20078 154
1052 19961 154
1053 19643 153
1054 19809 154
1055 20035 154
1056 19724 153
1057 19820 154
1058 19585 153
1059 19718 154
1060 20057 154
1061 20102 154
1062 19753 154
1063 19367 153
1064 20016 154
1065 19819 154
1066 19780 154
1067 19802 154
1068 19867 154
1069 19708 154
1070 19905 154
1071 19980 154
1072 20109 155
1073 19931 154
1074 20023 154
1075 19894 154
1076 20269 155
1077 19946 154
1078 20004 154
1079 20264 154
1080 20006 154
1081 19662 153
1082 19978 154
1083 19843 154
1084 19622 153
1085 19950 154
1086 19808 154
1087 20075 154
1088 19907 154
1089 20323 155
1090 19550 153
1091 19772 154
1092 19813 154
1093 19671 154
1094 19746 154
1095 19500 154
1096 19945 154
1097 19870 154
1098 19418 154
1099 19449 154
1100 19497 154
1101 19439 153
1102 19248 153
1103 20380 155
1104 19855 154
1105 19963 155
1106 20311 155
1107 19703 154
1108 20033 154
1109 20176 155
1110 19820 154
1111 19961 154
1112 19710 154
1113 20181 154
1114 19667 154
1115 19797 154
1116 19604 154
1117 19443 154
1118 19632 153
1119 20070 154
1120 19403 153
1121 20287 155
1122 20291 155
1123 19646 154
1124 19603 154
1125 19584 153
1126 19599 154
1127 19814 154
1128 19786 154
1129 19757 154
1130 19597 154
1131 19550 154
1132 19748 154
1133 19658 154
1134 19543 154
1135 19931 154
1136 19625 154
1137 19519 154
1138 19510 154
1139 19500 154
1140 19621 154
1141 19995 154
1142 19547 154
1143 19628 154
1144 19769 154
1145 19451 154
1146 19714 154
1147 19949 154
1148 20012 155
1149 19425 153
1150 19701 154
1151 19673 153
1152 19587 154
1153 19575 154
1154 19919 154
1155 19845 154
1156 19422 153
1157 19353 153
1158 19757 154
1159 19503 154
1160 19426 153
1161 20037 154
1162 19157 153
1163 19421 153
1164 19383 153
1165 19888 154
1166 19982 154
1167 19796 154
1168 19464 154
1169 19645 154
1170 19396 153
1171 19531 154
1172 19891 154
1173 19798 154
1174 19681 154
1175 19735 154
1176 19739 154
1177 19513 153
1178 19652 154
1179 19396 153
1180 19846 154
1181 19599 154
1182 19640 154
1183 19830 154
1184 19791 154
1185 19798 154
1186 19167 153
1187 19543 154
1188 19357 153
1189 19657 153
1190 19902 154
1191 19359 153
1192 19993 155
1193 19632 154
1194 19623 154
1195 20185 155
1196 19721 154
1197 19436 154
1198 19758 154
1199 19528 154
1200 19684 154
1201 19794 154
1202 19730 154
1203 19694 154
1204 19579 154
1205 19723 154
1206 19455 153
1207 19761 154
1208 19572 154
1209 19697 154
1210 19556 153
1211 19732 154
1212 19811 154
1213 19614 153
1214 19364 153
1215 19779 154
1216 19743 154
1217 19878 154
1218 19856 154
1219 19613 154
1220 19228 153
1221 19692 154
1222 19617 154
1223 19731 154
1224 19279 153
1225 19453 153
1226 19310 153
1227 19575 154
1228 19771 154
1229 20110 154
1230 19832 154
1231 19545 154
1232 19368 153
1233 19215 153
1234 19713 154
1235 19710 154
1236 19701 154
1237 19795 154
1238 19521 153
1239 19977 154
1240 19445 154
1241 19479 153
1242 19599 154
1243 19500 154
1244 19853 154
1245 19570 154
1246 19674 154
1247 19661 154
1248 19812 154
1249 19537 154
1250 19144 153
1251 19650 154
1252 19492 154
1253 19395 153
1254 19466 153
1255 19265 153
1256 19423 153
1257 19506 153
1258 19513 154
1259 19388 153
1260 19436 154
1261 19555 154
1262 19173 153
1263 19304 153
1264 19434 154
1265 19371 153
1266 19859 154
1267 19915 154
1268 19770 154
1269 19425 154
1270 19451 154
1271 19689 154
1272 19594 154
1273 19599 154
1274 19709 154
1275 19989 154
1276 19475 154
1277 19634 154
1278 19517 154
1279 19011 153
1280 19633 154
1281 19595 154
1282 19887 155
1283 19111 153
1284 19323 153
1285 19426 153
1286 19997 154
1287 19635 154
1288 19157 153
1289 19855 154
1290 19606 153
1291 19343 153
1292 19311 153
1293 19305 153
1294 19561 154
1295 19451 153
1296 19607 154
1297 19619 154
1298 19727 154
1299 19347 153
1300 19622 154
1301 19378 153
1302 19678 154
1303 19118 153
1304 19534 154
1305 19808 154
1306 19639 154
1307 19808 154
1308 19619 154
1309 19409 153
1310 19586 154
1311 19324 153
1312 19457 153
1313 19338 153
1314 19753 154
1315 19811 154
1316 19767 154
1317 19756 154
1318 19481 154
1319 19425 154
1320 19810 154
1321 19536 154
1322 19187 153
1323 19200 153
1324 19879 154
1325 19711 154
1326 19113 153
1327 19744 155
1328 19727 154
1329 19579 153
1330 19380 153
1331 19677 154
1332 19237 153
1333 19712 154
1334 19669 154
1335 19990 154
1336 19618 154
1337 19463 153
1338 19589 154
1339 19964 154
1340 19569 154
1341 19600 154
1342 19403 153
1343 19573 154
1344 19818 154
1345 19522 153
1346 19634 153
1347 19779 154
1348 19603 154
1349 19570 154
1350 19420 153
1351 19886 154
1352 19693 154
1353 19840 154
1354 19897 154
1355 19862 154
1356 19520 153
1357 19580 154
1358 19620 154
1359 19929 154
1360 19376 153
1361 19808 154
1362 19240 153
1363 19845 154
1364 19548 153
1365 19535 153
1366 19276 153
1367 19668 154
1368 19592 153
1369 19744 154
1370 19957 154
1371 19394 153
1372 19927 154
1373 19693 154
1374 19414 153
1375 19344 153
1376 19323 153
1377 19752 154
1378 19940 154
1379 19410 153
1380 19051 153
1381 19062 153
1382 19434 153
1383 19314 153
1384 19726 154
1385 19932 154
1386 19563 154
1387 19245 153
1388 19623 154
1389 19314 153
1390 19507 154
1391 19774 154
1392 19336 153
1393 19514 154
1394 19363 153
1395 19666 154
1396 19522 153
1397 19285 153
1398 19470 153
1399 19207 153
1400 19598 154
1401 19414 153
1402 19047 153
1403 19945 154
1404 19093 153
1405 19179 153
1406 19193 153
1407 19494 154
1408 19640 154
1409 19891 154
1410 19128 153
1411 17902 153
1412 19277 153
1413 19312 153
1414 19403 153
1415 19450 153
1416 19649 154
1417 19890 154
1418 19383 153
1419 19879 154
1420 19793 154
1421 19548 153
1422 19491 153
1423 19507 153
1424 19587 154
1425 19850 154
1426 19740 154
1427 19640 153
1428 20118 154
1429 19813 154
1430 19749 154
1431 19251 153
1432 19355 153
1433 19435 153
1434 19724 154
1435 19553 153
1436 20015 154
1437 19136 153
1438 19546 153
1439 19716 154
1440 19825 154
1441 19272 153
1442 19234 153
1443 19564 153
1444 19565 153
1445 19602 154
1446 19373 154
1447 19610 154
1448 19191 153
1449 19706 154
1450 19494 153
1451 19578 153
1452 19262 153
1453 19339 153
1454 19092 153
1455 19457 153
1456 19890 154
1457 19251 153
1458 19416 154
1459 19749 154
1460 19313 153
1461 19249 153
1462 19706 154
1463 19209 153
1464 19388 153
1465 19550 153
1466 19562 154
1467 19337 153
1468 18990 153
1469 19779 154
1470 19420 153
1471 19378 153
1472 19496 154
1473 19002 153
1474 19050 153
1475 19428 153
1476 18771 153
1477 19377 153
1478 19046 153
1479 19679 154
1480 19601 154
1481 19158 153
1482 19623 154
1483 19522 154
1484 19652 154
1485 19764 154
1486 19040 153
1487 19243 153
1488 19382 154
1489 19192 153
1490 19246 153
1491 19303 153
1492 19364 153
1493 19589 154
1494 18913 153
1495 19323 153
1496 18817 152
1497 19348 153
1498 19136 153
1499 19403 153
1500 19054 153
1501 19360 153
1502 19233 153
1503 18841 153
1504 19196 153
1505 19545 154
1506 19656 154
1507 19416 154
1508 18513 153
1509 18699 154
1510 17348 152
1511 18466 153
1512 19281 154
1513 15492 151
1514 10164 145
1515 9896 144
1516 19193 154
1517 18855 154
1518 646 154
1521 14041 155
1522 4632 156
1526 4627 152
1527 14783 152
1528 8622 148
1530 4766 154
1629 5386 154
1630 18504 158
1631 19289 158
1632 15417 155
1633 2781 161
1634 4834 160
1635 12671 160
1636 9848 157
1640 2158 160
1641 10812 155
1642 5224 152
1643 16050 156
1644 3238 153
1646 16825 154
1647 17405 156
1648 18283 155
1649 11544 148
1650 12287 148
1651 18765 156
1652 18984 155
1653 18826 156
1654 18271 155
1655 18560 155
1656 16904 153
1657 18203 154
1658 18838 155
1659 19060 156
1660 12843 150
1661 7986 147
1662 15480 152
1663 16398 153
1664 9907 151
1841 2573 148
1842 3696 150
1843 14844 155
1844 18726 158
1845 17081 156
1846 11443 157
1847 5129 149
1850 16955 158
1851 12574 155
1852 9002 149
1853 1040 156
1860 3737 156
1862 11192 148
1863 12717 155
1880 13048 155
1881 17843 156
1882 18941 157
1883 18825 156
1884 18891 156
1885 18790 155
1886 18800 155
1887 18991 155
1888 18348 155
1889 19071 155
1890 18785 155
1891 19090 155
1892 18327 154
1893 17702 154
1894 18573 154
1895 19215 155
1896 18780 154
1897 18844 154
1898 18955 155
1899 19104 155
1900 19193 155
1901 19221 155
1902 19479 155
1903 19049 155
1904 18931 154
1905 19036 154
1906 19067 154
1907 19147 155
1908 15421 153
1909 7277 149
1910 9036 150
1911 18662 155
1912 19410 155
1913 19130 155
1914 19357 155
1915 19215 155
1916 19546 155
1917 18696 154
1918 18184 153
1919 18820 154
1920 6272 139
1921 9555 144
1922 19176 155
1923 19205 154
1924 19110 154
1925 19075 154
1926 19171 154
1927 16517 152
1928 18742 154
1929 18554 154
1930 18314 154
1931 18071 152
1932 18679 154
1933 19289 155
1934 17654 152
1935 4523 140
1936 13223 148
1937 5748 140
1938 13346 148
1939 14052 150
1940 11402 146
1941 6324 144
1942 1940 147
1943 12655 150
1944 18921 154
1945 15542 150
1946 4656 140
1947 12239 149
1948 18468 154
1949 18864 154
1950 18501 154
1951 16843 152
1952 14756 151
1953 11445 146
1954 6546 145
1955 14048 149
1956 15469 152
1960 1141 150
1961 7889 143
1962 8338 145
1963 11023 147
1964 17390 155
1965 15618 152
1966 3240 145
1967 4303 147
1968 5594 149
1969 2782 141
1970 1335 148
1971 4945 143
1972 2656 149
1973 4752 146
1976 4870 151
1977 9505 145
1978 14547 150
1979 18619 155
1980 18774 155
1981 19169 155
1982 19183 155
1983 19094 156
1985 9633 152
1987 685 144
1989 3426 155
1990 11544 156
1991 15067 151
1992 8768 148
1995 17046 159
1996 1783 145
2006 17668 156
2007 16964 154
2008 16534 153
2009 14193 152
2010 4098 145
2011 18459 155
2012 17266 154
2013 17776 156
2014 18862 155
2015 18746 155
2016 19029 155
2017 19026 155
2018 18613 154
2019 18632 155
2020 17987 155
2021 18445 155
2022 13130 149
2023 17556 155
2024 2927 152
2034 18705 162
2035 19337 158
2036 18938 156
2037 19279 157
2038 19094 157
2039 19053 157
2040 15308 159
2041 18746 156
2042 19004 156
2043 19231 156
2044 18946 155
2045 19662 156
2046 19062 155
2047 19046 155
2048 19144 155
2049 18890 154
2050 18958 155
2051 19115 155
2052 19081 155
2053 18781 154
2054 18573 154
2055 19226 155
2056 19062 155
2057 19332 155
2058 18609 154
2059 19000 155
2060 18857 155
2061 19180 156
2062 18537 156
2063 7976 148
2064 1788 163
2075 8475 153
2076 8971 152
2083 4084 151
2088 1084 153
2098 957 153
2099 9076 154
2157 3869 164
2158 8222 153
2159 706 160
