NUMBER FLUX_APER FLUXERR_APER
0 10071 143
1 10071 143
2 10212 143
3 10291 143
4 10214 143
5 10221 143
6 10051 143
7 10337 144
8 10453 144
9 10287 143
10 10314 143
11 10220 143
12 10332 143
13 10227 143
14 10243 143
15 10067 143
16 10425 144
17 10343 143
18 10389 143
19 10177 143
20 10203 143
21 10027 143
22 10289 143
23 10207 143
24 10137 143
25 10324 145
26 10070 145
27 10422 146
28 10120 144
29 10560 144
30 10046 144
31 10172 144
32 10100 144
33 10017 144
34 10367 144
35 10232 144
36 10199 144
37 10228 143
38 9989 143
39 10191 143
40 10149 145
41 10079 145
42 10172 145
43 10161 145
44 10206 144
45 10259 145
46 10156 144
47 10241 143
48 10380 144
49 10050 143
50 10442 145
51 9965 145
52 10177 144
53 10044 145
54 10098 143
55 10049 143
56 9991 143
57 10032 143
58 10104 143
59 10422 144
60 10285 144
61 10160 143
62 10323 143
63 10045 143
64 10136 143
65 10248 143
66 10648 144
67 10308 144
68 10206 143
69 10341 144
70 10106 143
71 10476 144
72 10104 143
73 10164 143
74 10288 143
75 10537 144
76 10452 143
77 10136 143
78 10189 143
79 10138 143
80 9982 142
81 10587 144
82 10292 144
83 10096 143
84 10125 143
85 10372 143
86 10298 143
87 10102 143
88 10077 143
89 10261 143
90 10368 143
91 10348 143
92 10375 143
93 10175 143
94 10460 144
95 10547 144
96 10280 143
97 10345 143
98 10193 143
99 10452 144
100 10435 143
101 10426 144
102 10288 143
103 10204 143
104 10303 143
105 10164 143
106 10363 143
107 10466 144
108 10185 143
109 10478 143
110 10403 143
111 10295 143
112 10113 143
113 10379 144
114 10244 144
115 10380 143
116 9941 143
117 10297 143
118 10316 143
119 10456 144
120 10502 144
121 10677 144
122 10304 143
123 10217 143
124 10173 143
125 10321 144
126 10196 143
127 10413 144
128 10103 143
129 9903 142
130 10363 143
131 9977 143
132 10632 144
133 10148 143
134 10335 143
135 10165 143
136 10364 143
137 10508 144
138 10126 143
139 10236 143
140 10542 143
141 10555 144
142 10173 143
143 10095 143
144 10219 143
145 10355 144
146 10223 143
147 10195 143
148 10339 143
149 10428 143
150 10306 144
151 10389 143
152 10219 143
153 10534 143
154 10223 143
155 10184 143
156 10289 143
157 10145 143
158 10020 143
159 10219 143
160 10262 144
161 10246 143
162 10483 144
163 10210 143
164 10331 143
165 10244 143
166 10302 143
167 10145 143
168 10370 143
169 10086 143
170 10163 143
171 10362 143
172 10113 143
173 10159 143
174 10385 143
175 10201 143
176 10035 143
177 10473 143
178 10274 143
179 10628 144
180 10352 143
181 10024 143
182 10162 143
183 9989 142
184 10340 143
185 10300 143
186 9947 142
187 10185 143
188 10530 144
189 10337 143
190 10280 143
191 10372 143
192 10286 143
193 10362 143
194 10530 144
195 10212 143
196 10487 143
197 10386 143
198 10122 143
199 10240 143
200 10187 143
201 10249 143
202 10340 143
203 10207 143
204 10302 142
205 10204 143
206 10239 143
207 10108 142
208 10096 142
209 10118 143
210 10613 143
211 10234 143
212 10012 143
213 10133 143
214 10288 143
215 10202 143
216 10082 143
217 10227 143
218 10092 143
219 10155 143
220 10181 143
221 10457 144
222 10198 143
223 10091 143
224 10264 143
225 10417 143
226 10401 144
227 10404 143
228 10380 143
229 10366 143
230 10124 143
231 10147 143
232 10151 143
233 10119 142
234 10617 143
235 9712 142
236 10455 143
237 10265 143
238 10272 143
239 10245 143
240 10085 142
241 10135 143
242 10172 143
243 10471 143
244 10284 143
245 10236 143
246 10387 143
247 10229 143
248 10133 143
249 10120 143
250 9943 142
251 10210 143
252 9865 142
253 10177 143
254 9955 143
255 10236 143
256 10281 143
257 10384 143
258 10360 143
259 10195 143
260 10240 143
261 10273 143
262 10031 143
263 10030 143
264 10019 142
265 10164 143
266 10536 144
267 9861 142
268 10138 143
269 10220 143
270 10085 143
271 10019 142
272 10240 143
273 9964 142
274 10102 143
275 10243 143
276 10047 142
277 10325 143
278 9986 142
279 10147 143
280 9992 143
281 1775 128
282 10421 144
283 10373 143
284 10236 143
285 9997 143
286 10077 143
287 10408 143
288 10478 143
289 10294 143
290 10148 143
291 10030 143
292 10056 143
293 10618 144
294 10027 143
295 10209 143
296 9953 143
297 10147 143
298 9909 142
299 9806 142
300 10200 143
301 10245 143
302 10028 143
303 10384 143
304 10312 143
305 10169 143
306 10390 143
307 10402 143
308 10008 143
309 10239 143
310 10343 143
311 10179 143
312 10188 143
313 10154 143
314 10335 143
315 10006 143
316 10060 143
317 10090 143
318 10250 143
319 9890 143
320 10197 143
321 10252 143
322 10083 143
323 10062 143
324 10164 143
325 10026 143
326 10178 143
327 10071 143
328 9860 142
329 10124 142
330 10095 143
331 10092 142
332 9986 143
333 10204 143
334 10229 143
335 10338 143
336 9974 143
337 10349 143
338 9831 143
339 10292 143
340 10171 143
341 10075 143
342 10340 143
343 10123 143
344 10210 143
345 10152 143
346 10391 143
347 10425 143
348 9895 143
349 9874 143
350 10159 143
351 10452 144
352 10417 143
353 10390 143
354 10613 144
355 9899 142
356 10448 143
357 10237 143
358 10125 143
359 10228 143
360 10315 143
361 10239 143
362 9939 143
363 9990 143
364 10228 143
365 10124 143
366 10035 142
367 10101 143
368 10428 144
369 10139 143
370 10102 143
371 10065 143
372 10096 143
373 10128 143
374 10110 143
375 10426 143
376 9897 143
377 10414 143
378 9937 143
379 10144 143
380 9971 143
381 10214 143
382 10141 143
383 9958 143
384 9958 142
385 10068 143
386 10101 143
387 10114 143
388 10339 143
389 10090 142
390 10273 143
391 10182 143
392 10195 143
393 10203 143
394 10380 143
395 10205 143
396 10191 143
397 10088 143
398 10163 143
399 10428 143
400 10086 143
401 10188 143
402 10226 143
403 9944 143
404 10102 143
405 10254 143
406 10239 143
407 10150 143
408 10091 143
409 10087 143
410 10075 143
411 10418 143
412 9972 142
413 10127 143
414 10114 143
415 10184 143
416 10300 143
417 10160 143
418 10292 143
419 9810 143
420 10087 143
421 10209 143
422 10161 143
423 9988 143
424 9838 142
425 10279 143
426 6494 137
427 10127 143
428 8522 140
429 10111 143
430 10032 143
431 9950 142
432 10029 143
433 10100 143
434 10478 143
435 10253 143
436 10433 143
437 10947 144
438 10255 143
439 10323 143
440 10128 143
441 10224 143
442 10113 143
443 10006 143
444 10227 143
445 10200 143
446 10145 143
447 10220 143
448 10186 143
449 10252 143
450 10066 143
451 10270 143
452 10543 144
453 10222 143
454 10382 143
455 10126 143
456 10139 143
457 10224 143
458 10414 143
459 10149 143
460 10131 143
461 10175 143
462 10175 143
463 10067 143
464 10268 143
465 10231 143
466 10448 143
467 10381 143
468 10340 143
469 10475 143
470 10034 142
471 10354 143
472 10143 142
473 10373 143
474 10636 144
475 10258 143
476 9916 142
477 10529 143
478 10415 143
479 10332 143
480 10288 143
481 10290 143
482 10386 143
483 10068 143
484 10232 143
485 10506 144
486 10409 143
487 10262 143
488 10151 143
489 10354 143
490 10280 143
491 10398 143
492 9931 142
493 10392 143
494 10073 143
495 10164 143
496 10062 143
497 10163 143
498 10516 143
499 10383 143
500 10393 143
501 10407 143
502 10229 143
503 10139 143
504 10115 143
505 9992 142
506 10354 143
507 10494 143
508 10301 143
509 10399 143
510 10279 143
511 10288 143
512 10273 143
513 10113 142
514 10456 143
515 10091 143
516 10263 143
517 10047 142
518 9883 142
519 10245 143
520 10137 142
521 10265 143
522 10307 143
523 10350 143
524 10163 142
525 9965 142
526 10155 142
527 10128 143
528 10200 142
529 10118 142
530 10466 143
531 10356 143
532 10306 143
533 10294 143
534 10205 143
535 10316 143
536 10330 143
537 10184 143
538 10036 143
539 10262 143
540 10162 143
541 10320 143
542 10315 143
543 9947 142
544 10212 142
545 10035 142
546 10032 142
547 10185 142
548 10218 142
549 10299 143
550 10356 143
551 10270 143
552 9903 142
553 10182 142
554 10138 143
555 10072 143
556 10264 143
557 10350 143
558 10064 142
559 10243 143
560 10042 142
561 10187 143
562 10408 143
563 10262 143
564 10373 143
565 10142 142
566 9830 142
567 10306 143
568 10263 143
569 9966 142
570 10335 143
571 9944 142
572 10016 142
573 10131 143
574 9939 142
575 10161 143
576 10127 143
577 10203 143
578 10244 143
579 10130 142
580 10043 142
581 10222 142
582 10223 142
583 10051 143
584 9894 142
585 10113 142
586 9949 142
587 10104 143
588 10229 143
589 10106 142
590 9871 142
591 10406 143
592 10282 143
593 10045 142
594 9942 142
595 9593 142
596 9992 142
597 10099 143
598 9940 143
599 10170 143
600 9930 142
601 10351 143
602 10137 143
603 10042 142
604 10080 142
605 9693 142
606 9815 142
607 9984 142
608 9952 142
609 9994 142
610 10131 143
611 10039 142
612 9783 142
613 9982 142
614 10120 143
615 9991 143
616 9749 142
617 10209 143
618 10002 142
619 9962 142
620 9775 142
621 10197 143
622 9899 142
623 10056 143
624 10065 142
625 10163 143
626 9780 142
627 9889 143
628 9895 142
629 10186 143
630 10309 143
631 10185 143
632 9774 142
633 10037 143
634 9999 143
635 10132 143
636 10194 143
637 10162 143
638 10256 143
639 10469 143
640 10136 143
641 9992 143
642 9949 142
643 10133 142
644 10121 143
645 10099 143
646 10121 142
647 9869 142
648 10318 143
649 10314 143
650 10292 143
651 9907 142
652 10126 143
653 10081 143
654 9742 142
655 10038 142
656 9979 142
657 9973 142
658 9921 142
659 9934 142
660 10184 143
661 10303 143
662 10207 143
663 10189 143
664 9968 142
665 10231 143
666 10049 142
667 10126 143
668 10198 143
669 10236 142
670 10309 143
671 10118 142
672 9806 142
673 10190 142
674 10292 143
675 9752 142
676 9971 142
677 10373 143
678 9933 142
679 10056 143
680 10055 142
681 9962 142
682 9704 142
683 10094 142
684 9780 142
685 10067 143
686 10109 143
687 10240 143
688 10119 143
689 10230 143
690 10124 142
691 9675 142
692 10075 142
693 10136 143
694 10178 143
695 10016 142
696 10216 142
697 9850 142
698 9963 142
699 10059 142
700 10132 142
701 10183 143
702 10444 143
703 9838 142
704 10101 142
705 10123 142
706 10144 143
707 10053 142
708 9982 142
709 9947 142
710 9925 142
711 9828 142
712 10145 143
713 10300 143
714 10353 143
715 10229 143
716 10394 143
717 10139 143
718 9843 142
719 10236 143
720 9755 142
721 10039 142
722 10190 143
723 10218 143
724 10324 143
725 10263 143
726 10373 143
727 10119 142
728 10294 143
729 10128 142
730 9870 142
731 10032 142
732 10139 143
733 10288 143
734 10028 142
735 10078 142
736 10125 142
737 10128 143
738 9916 142
739 9950 142
740 10174 143
741 10100 142
742 9932 142
743 9987 142
744 10068 142
745 10213 142
746 10583 143
747 10184 143
748 9930 142
749 10172 142
750 10192 143
751 10163 142
752 9889 142
753 9942 142
754 9892 142
755 10236 143
756 9970 142
757 9989 142
758 10205 143
759 10141 143
760 9986 142
761 9885 142
762 9870 142
763 10227 143
764 10230 143
765 10215 143
766 9897 142
767 9853 142
768 10029 142
769 10207 143
770 10053 143
771 9900 142
772 10351 143
773 9876 142
774 9846 142
775 9835 142
776 10245 143
777 9817 142
778 10337 143
779 10305 143
780 9958 142
781 9960 142
782 9996 142
783 10156 143
784 10027 143
785 10252 143
786 9943 142
787 9997 143
788 10477 143
789 9905 142
790 10010 142
791 10064 142
792 10072 142
793 9859 142
794 10058 142
795 10176 143
796 9872 142
797 9923 142
798 9981 142
799 9947 142
800 9838 143
801 9895 143
802 9994 142
803 10111 142
804 10007 143
805 10146 143
806 9784 142
807 9951 143
808 9938 142
809 10192 143
810 9893 142
811 9895 142
812 10123 142
813 9974 143
814 10184 143
815 10031 142
816 9816 142
817 10206 143
818 10133 143
819 10074 143
820 9982 142
821 10036 143
822 10247 143
823 10068 143
824 9836 142
825 10177 143
826 9913 142
827 10155 143
828 10195 143
829 9851 143
830 9949 142
831 10115 143
832 10017 143
833 10085 143
834 10074 143
835 10119 143
836 10027 143
837 10271 143
838 9908 143
839 9793 142
840 10212 143
841 9922 142
842 10007 142
843 9964 143
844 10023 143
845 10296 143
846 9926 142
847 10067 143
848 9999 142
849 9885 142
850 10193 143
851 10094 143
852 9982 143
853 9773 142
854 9788 142
855 10112 143
856 10287 143
857 10124 143
858 10055 143
859 9840 142
860 9959 142
861 10037 142
862 9974 143
863 9872 142
864 9858 142
865 9855 142
866 10287 143
867 9676 142
868 9964 142
869 9947 142
870 9967 143
871 9826 142
872 9908 143
873 10138 143
874 10066 142
875 9897 142
876 9936 142
877 9942 142
878 9755 142
879 9746 142
880 9832 142
881 10347 143
882 9723 142
883 10067 142
884 10264 143
885 9988 143
886 9985 143
887 10028 143
888 10044 142
889 9679 142
890 9971 143
891 10354 143
892 9945 143
893 9978 143
894 9892 142
895 9843 142
896 10077 142
897 10028 143
898 10007 142
899 10003 143
900 9991 142
