0 7306 138
1 7306 138
2 7072 138
3 7215 138
4 7182 138
5 6915 138
6 7187 138
7 6955 138
8 7095 138
9 7485 139
10 7225 138
11 7237 138
12 7328 138
13 7187 138
14 7089 138
15 7263 138
16 7214 138
17 7295 138
18 7340 138
19 7135 138
20 7029 138
21 7255 138
22 7239 138
23 7142 138
24 7315 138
25 7201 139
26 7289 140
27 7174 140
28 7079 139
29 7239 139
30 7146 139
31 6926 139
32 7101 139
33 7253 139
34 7200 139
35 7176 139
36 7319 139
37 7486 139
38 6852 138
39 7163 138
40 7414 140
41 7418 141
42 7174 139
43 7164 140
44 7169 138
45 7074 139
46 7208 138
47 7236 138
48 7010 138
49 7281 138
50 7236 140
51 7188 140
52 7027 139
53 7194 140
54 7315 138
55 7374 138
56 7360 138
57 7412 138
58 6974 138
59 7362 138
60 7278 138
61 7225 138
62 6927 138
63 7420 138
64 7386 138
65 7350 138
66 7366 138
67 7093 138
68 7201 138
69 7198 138
70 7083 138
71 7242 138
72 7451 138
73 7227 138
74 7327 138
75 7213 138
76 7323 138
77 7319 139
78 7292 138
79 7347 138
80 7185 137
81 7334 139
82 7138 138
83 7128 138
84 7446 139
85 7039 138
86 7198 138
87 7341 138
88 7104 137
89 7280 138
90 7435 138
91 7134 138
92 7270 138
93 7233 138
94 7229 138
95 7500 139
96 7063 138
97 6953 138
98 7270 138
99 7227 138
100 7401 138
101 7293 138
102 7680 139
103 7345 138
104 7109 138
105 7046 138
106 7268 138
107 7371 138
108 7250 138
109 7454 138
110 7326 138
111 7305 138
112 7194 138
113 7095 138
114 7430 139
115 7440 138
116 7208 138
117 7186 138
118 7459 138
119 7186 138
120 7506 138
121 7268 138
122 7272 138
123 7337 138
124 7234 138
125 7339 138
126 7279 138
127 7363 138
128 7000 138
129 7069 137
130 7153 138
131 7175 138
132 7165 138
133 7345 138
134 6947 137
135 7167 138
136 7402 138
137 7146 138
138 7378 138
139 7098 138
140 7118 138
141 7153 138
142 7166 138
143 7280 138
144 6937 137
145 7294 138
146 7192 138
147 7341 138
148 7163 137
149 7254 138
150 7052 138
151 7126 138
152 7055 137
153 7194 138
154 7183 138
155 7272 138
156 7433 138
157 7077 138
158 7317 138
159 7103 138
160 7195 138
161 7165 138
162 7213 138
163 7011 137
164 7103 138
165 6903 137
166 7231 138
167 7317 138
168 7142 138
169 7023 138
170 7230 138
171 7070 138
172 7314 138
173 7269 138
174 7047 138
175 7158 138
176 7229 138
177 7088 138
178 7239 138
179 7257 138
180 7273 138
181 7347 138
182 7486 139
183 7215 138
184 7162 138
185 7219 138
186 7187 138
187 7371 138
188 7251 138
189 7346 138
190 7362 138
191 7252 138
192 7205 138
193 7140 138
194 7075 138
195 7164 138
196 7037 137
197 7016 137
198 7109 138
199 6943 137
200 7112 138
201 7446 138
202 7142 138
203 7378 138
204 7279 137
205 7036 138
206 7214 138
207 7181 137
208 7167 137
209 6827 137
210 7028 137
211 7159 137
212 7199 138
213 6907 137
214 6942 137
215 7133 138
216 7158 138
217 7062 137
218 7302 138
219 7198 138
220 7132 138
221 7100 138
222 7066 137
223 7045 138
224 7172 138
225 6940 137
226 7114 138
227 7162 138
228 7327 138
229 7177 138
230 7169 138
231 7178 138
232 7323 138
233 7106 137
234 7204 137
235 7109 137
236 7170 137
237 7172 137
238 7083 137
239 7351 138
240 7212 138
241 7266 138
242 7004 138
243 7018 137
244 7233 138
245 7041 137
246 7219 138
247 7259 138
248 7490 138
249 7401 138
250 7141 137
251 7334 138
252 7211 138
253 7126 138
254 7068 138
255 7151 138
256 7335 138
257 7274 138
258 7302 138
259 7405 138
260 7472 138
261 7211 138
262 7331 138
263 7189 138
264 7240 137
265 7270 138
266 7183 138
267 7353 137
268 7252 138
269 7221 138
270 7406 138
271 7027 137
272 7074 138
273 7156 138
274 7068 138
275 7393 138
276 7268 137
277 7337 138
278 7316 138
279 7131 137
280 7438 138
281 7296 138
282 7350 138
283 7159 138
284 7354 138
285 6957 138
286 7202 138
287 7362 138
288 7018 138
289 7269 138
290 7157 137
291 7157 138
292 7270 138
293 7349 138
294 7149 138
295 7183 138
296 6965 137
297 7316 138
298 7356 138
299 7074 138
300 7208 138
301 7075 138
302 7214 138
303 7305 138
304 6962 138
305 7044 138
306 7316 138
307 7139 137
308 7086 138
309 7176 138
310 7086 138
311 7235 138
312 7154 137
313 7141 138
314 7198 138
315 6995 137
316 7322 138
317 7435 138
318 7089 138
319 7138 138
320 7099 138
321 6844 137
322 7210 138
323 7220 138
324 7323 138
325 7061 138
326 7158 138
327 7027 137
328 7203 138
329 6968 137
330 7557 139
331 7356 138
332 7291 138
333 7079 138
334 6971 137
335 7059 137
336 7240 138
337 7595 138
338 7267 138
339 7055 138
340 7140 138
341 7068 137
342 7506 138
343 7129 137
344 7156 138
345 7159 138
346 7395 138
347 7096 138
348 7307 138
349 7300 138
350 7003 137
351 6916 137
352 7068 138
353 7203 138
354 6959 138
355 7128 138
356 7215 138
357 7073 138
358 7264 138
359 6977 137
360 7343 138
361 7352 138
362 7116 138
363 7439 138
364 7182 138
365 7215 138
366 7083 137
367 7136 138
368 7122 138
369 7147 138
370 6972 137
371 7261 138
372 7138 138
373 7205 138
374 7041 137
375 6966 138
376 7005 138
377 6997 138
378 7256 138
379 7247 138
380 7232 138
381 7218 138
382 7025 137
383 7254 138
384 7121 137
385 7109 138
386 7343 138
387 7147 138
388 7178 138
389 6795 137
390 7281 138
391 6955 138
392 7298 138
393 7143 137
394 7094 138
395 7060 138
396 7450 138
397 7036 138
398 7008 137
399 7196 138
400 7238 138
401 7307 138
402 7237 138
403 6962 137
404 7096 138
405 7200 138
406 7203 138
407 7255 138
408 7172 138
409 7209 138
410 7221 138
411 7262 138
412 7126 138
413 7272 138
414 7059 138
415 7316 138
416 7383 138
417 6957 137
418 7222 138
419 7148 138
420 7225 138
421 7054 137
422 7317 138
423 7159 138
424 6905 137
425 7042 137
426 831 126
427 7209 138
428 1169 127
429 7035 137
430 7172 138
431 7157 137
432 7486 138
433 7220 138
434 7230 138
435 7226 138
436 7346 138
437 7206 138
438 7181 138
439 7196 137
440 7409 138
441 7380 138
442 6912 137
443 7245 138
444 7057 138
445 7214 138
446 7405 138
447 7072 138
448 7214 138
449 7186 138
450 6932 137
451 7246 138
452 6982 138
453 7195 137
454 7058 137
455 7156 138
456 7229 138
457 7334 138
458 7094 138
459 7182 138
460 7107 138
461 7187 138
462 7112 138
463 7306 138
464 7190 138
465 7364 138
466 7234 138
467 7140 138
468 7119 138
469 7088 138
470 7196 138
471 7274 138
472 7234 137
473 7267 138
474 7300 138
475 7088 137
476 6964 137
477 7312 138
478 7114 137
479 7149 138
480 7339 138
481 7219 137
482 7031 137
483 7267 138
484 7125 137
485 7133 138
486 7243 138
487 7203 138
488 7251 138
489 7227 138
490 7129 137
491 7221 138
492 6893 137
493 7155 138
494 7271 138
495 7094 137
496 7136 137
497 7038 137
498 7314 138
499 7385 138
500 7029 137
501 6984 137
502 7020 137
503 7079 137
504 7196 138
505 7273 137
506 7093 137
507 7021 137
508 7203 138
509 7116 138
510 7130 137
511 7100 137
512 6945 137
513 7179 137
514 7221 138
515 7185 137
516 7216 137
517 6954 137
518 7231 138
519 7167 137
520 7042 137
521 7215 137
522 7025 137
523 6867 137
524 6966 137
525 7290 137
526 7258 137
527 7277 138
528 7158 137
529 7118 137
530 6976 137
531 7162 137
532 7176 138
533 7031 137
534 6887 137
535 7167 137
536 7163 138
537 7143 137
538 7096 138
539 7019 137
540 7076 138
541 7107 137
542 6902 137
543 7116 138
544 7168 137
545 7085 137
546 7116 137
547 7036 137
548 7296 137
549 7087 138
550 7022 137
551 7149 137
552 6929 137
553 7024 137
554 6833 137
555 7311 138
556 6944 137
557 7068 137
558 7580 138
559 7048 137
560 7125 137
561 6989 137
562 6924 137
563 7157 137
564 7030 137
565 6973 137
566 6970 137
567 7392 138
568 6918 137
569 6772 137
570 7164 138
571 7124 137
572 7330 138
573 7076 137
574 6972 137
575 7055 137
576 6965 137
577 7090 137
578 7023 137
579 6949 137
580 6912 137
581 7218 137
582 6962 137
583 7284 138
584 7031 137
585 7141 137
586 7180 137
587 6835 137
588 7132 138
589 7243 137
590 7122 137
591 7124 137
592 6985 137
593 7170 137
594 7186 138
595 7130 137
596 6969 137
597 7271 138
598 7062 138
599 6905 137
600 7069 137
601 7309 138
602 6922 137
603 7176 137
604 7100 137
605 7117 137
606 7153 137
607 7159 138
608 7201 138
609 7000 137
610 7267 138
611 7045 137
612 7261 138
613 7229 138
614 7052 137
615 7104 138
616 7175 137
617 7168 138
618 7126 137
619 7047 137
620 7323 138
621 6955 137
622 6821 137
623 7248 138
624 7287 138
625 7113 137
626 7065 138
627 7242 138
628 7154 137
629 7277 138
630 6954 137
631 7222 138
632 7170 138
633 6951 137
634 7158 138
635 6957 138
636 7055 137
637 6994 137
638 7179 138
639 7250 138
640 7333 138
641 7101 137
642 7205 137
643 6838 137
644 7133 138
645 7319 138
646 7009 137
647 6861 137
648 6997 137
649 7285 138
650 7134 138
651 7018 137
652 6991 137
653 7101 137
654 7039 137
655 7018 137
656 7185 137
657 7083 137
658 6837 136
659 7058 137
660 7186 138
661 6997 137
662 7027 137
663 7148 137
664 7075 137
665 7078 137
666 7431 138
667 7017 137
668 6875 137
669 7037 137
670 7109 137
671 6982 137
672 6927 137
673 7178 137
674 7070 137
675 6928 137
676 7096 137
677 7030 137
678 6950 137
679 7036 137
680 6979 137
681 7018 137
682 7285 138
683 7343 138
684 7194 137
685 7178 138
686 7171 138
687 7127 137
688 7066 137
689 7215 137
690 7224 137
691 6965 137
692 6870 137
693 7094 137
694 7193 138
695 7154 137
696 7089 137
697 7112 137
698 6891 137
699 7059 137
700 7185 137
701 7247 138
702 7331 138
703 7474 138
704 7181 137
705 7081 137
706 7162 138
707 7245 137
708 7271 138
709 7194 137
710 7060 137
711 7217 138
712 7085 137
713 7141 137
714 6924 137
715 7118 137
716 7175 137
717 7150 138
718 6892 137
719 7176 137
720 7165 137
721 7301 138
722 7147 138
723 6880 137
724 6958 137
725 7156 138
726 7132 137
727 7118 137
728 6972 137
729 7159 137
730 7240 138
731 7154 137
732 6880 137
733 7314 138
734 7278 137
735 6901 137
736 7242 137
737 6967 137
738 6967 137
739 7111 137
740 7128 138
741 7035 137
742 6959 137
743 7090 137
744 6994 137
745 7070 137
746 7133 137
747 7331 138
748 6996 137
749 7122 137
750 6863 137
751 6860 137
752 7033 137
753 7094 137
754 6739 137
755 6848 137
756 7125 137
757 7076 137
758 6879 137
759 6822 137
760 7039 137
761 6890 137
762 7063 137
763 7048 137
764 7035 137
765 6746 137
766 6999 137
767 6937 137
768 7077 137
769 6958 138
770 6826 137
771 6893 137
772 7054 138
773 6978 137
774 7097 138
775 7099 137
776 6955 137
777 7051 137
778 7053 137
779 7001 137
780 6882 137
781 6922 137
782 7119 137
783 6997 137
784 6892 137
785 6991 137
786 6969 137
787 7222 138
788 6932 137
789 7271 138
790 6996 137
791 6737 137
792 7239 137
793 6795 137
794 6847 137
795 7199 138
796 7034 137
797 6878 137
798 7023 137
799 6890 137
800 7161 138
801 6942 137
802 6833 137
803 7210 137
804 6774 137
805 7180 138
806 7180 137
807 6839 137
808 6984 137
809 7094 138
810 6968 137
811 6889 137
812 7164 137
813 7105 138
814 7045 137
815 6979 137
816 6956 137
817 6777 137
818 6720 137
819 6885 137
820 7295 138
821 7107 138
822 7214 137
823 6891 137
824 7050 137
825 6817 137
826 7004 137
827 7015 137
828 7058 137
829 6958 138
830 6819 137
831 6941 137
832 7003 138
833 6916 137
834 7188 138
835 7263 138
836 7253 138
837 6929 137
838 6972 137
839 6867 137
840 7111 137
841 6799 137
842 6983 137
843 7062 138
844 7093 138
845 7186 138
846 6973 137
847 6963 137
848 6982 137
849 6979 137
850 6887 137
851 6975 137
852 6992 137
853 7256 138
854 7114 138
855 7074 137
856 7097 137
857 7104 137
858 7119 138
859 6991 137
860 7076 137
861 6990 137
862 6914 137
863 7181 137
864 6692 137
865 7231 138
866 6928 137
867 7112 138
868 7224 138
869 7250 138
870 7135 138
871 7015 137
872 7178 138
873 7140 138
874 6747 137
875 7030 137
876 6993 137
877 7140 137
878 7196 138
879 6951 137
880 7069 137
881 7112 138
882 6917 137
883 7128 137
884 6853 137
885 7071 138
886 7336 138
887 7379 138
888 6982 137
889 6876 137
890 6976 137
891 7115 138
892 6895 137
893 6941 137
894 7150 138
895 7308 138
896 7056 137
897 6856 137
898 6768 137
899 6845 137
900 7182 137
