0 9119 142
1 9119 142
2 9347 142
3 9288 142
4 9089 141
5 9042 141
6 9394 142
7 9126 141
8 9337 142
9 9417 142
10 9360 142
11 9198 141
12 9402 142
13 9225 141
14 9414 142
15 9118 142
16 9208 142
17 9172 141
18 9213 141
19 9570 142
20 9053 141
21 8938 141
22 9128 141
23 9190 141
24 9191 141
25 9327 143
26 9405 144
27 9362 144
28 9225 143
29 9151 142
30 9302 142
31 9246 143
32 9109 143
33 9037 143
34 9403 142
35 9369 143
36 9434 142
37 9144 142
38 9009 141
39 9309 142
40 9003 143
41 9490 144
42 9274 143
43 9206 143
44 9341 142
45 8924 143
46 9381 142
47 9096 141
48 9340 142
49 9139 141
50 9118 143
51 8870 143
52 9181 143
53 9120 143
54 9002 141
55 9341 142
56 9200 141
57 9004 141
58 9267 142
59 8910 141
60 9189 142
61 9119 141
62 9120 141
63 9126 141
64 9359 142
65 8916 141
66 9178 141
67 9170 142
68 9157 141
69 9184 142
70 9316 142
71 9013 141
72 9425 142
73 9631 142
74 9160 142
75 9074 141
76 9206 141
77 8978 141
78 9425 142
79 9153 142
80 9154 141
81 8949 141
82 9305 142
83 9351 142
84 9067 142
85 9199 141
86 9339 142
87 9160 141
88 9378 141
89 9137 141
90 9377 142
91 9086 141
92 9520 142
93 9158 141
94 9274 142
95 9408 142
96 9030 141
97 9232 142
98 9059 142
99 9327 142
100 9439 142
101 9088 141
102 9190 142
103 9026 141
104 9089 141
105 9103 141
106 8987 141
107 9024 141
108 9281 142
109 9202 141
110 9352 142
111 9175 142
112 9015 141
113 8932 141
114 9088 142
115 9188 141
116 9201 141
117 9208 141
118 8988 141
119 9314 142
120 9000 141
121 9022 141
122 9098 141
123 9186 141
124 9266 142
125 9062 141
126 9376 142
127 9208 141
128 9088 141
129 9481 141
130 9125 141
131 9082 141
132 9229 142
133 9148 141
134 9220 141
135 9444 142
136 9283 141
137 9208 141
138 9245 142
139 9194 141
140 9291 141
141 9276 141
142 9103 141
143 9185 141
144 9287 142
145 9229 142
146 9301 142
147 9237 141
148 9372 141
149 9375 141
150 9447 142
151 9078 141
152 9385 141
153 9249 141
154 9254 141
155 9248 141
156 9122 141
157 9265 142
158 9234 141
159 9094 141
160 9232 142
161 9549 142
162 9296 142
163 8963 141
164 9111 141
165 9086 141
166 9245 141
167 9214 141
168 9300 142
169 9389 142
170 9083 141
171 9017 141
172 9038 141
173 9072 141
174 9178 141
175 9015 141
176 9067 141
177 8879 141
178 9240 141
179 9112 141
180 9073 141
181 9367 142
182 9055 141
183 9281 141
184 9278 142
185 9386 142
186 9353 141
187 9198 141
188 9099 141
189 9072 141
190 9201 141
191 8980 141
192 9238 142
193 9173 141
194 9430 142
195 9399 142
196 9186 141
197 8929 141
198 9099 141
199 9500 142
200 9238 141
201 9019 141
202 9050 141
203 9093 141
204 9165 140
205 9020 141
206 9229 141
207 9341 141
208 9120 141
209 9368 142
210 9048 141
211 9079 141
212 9383 142
213 9194 141
214 9278 141
215 9176 141
216 9366 142
217 9095 141
218 9131 141
219 9238 142
220 8801 141
221 8904 141
222 9200 141
223 8984 141
224 9153 141
225 9240 141
226 8718 141
227 9034 141
228 9155 141
229 9226 141
230 9265 142
231 9215 141
232 9158 141
233 9057 141
234 8915 140
235 9222 141
236 9068 141
237 9117 141
238 9320 141
239 9283 141
240 8856 140
241 9279 141
242 9230 141
243 9023 141
244 9055 141
245 9105 141
246 9086 141
247 9243 142
248 8964 141
249 8880 140
250 9122 141
251 9246 141
252 9210 141
253 9212 141
254 9246 141
255 9156 141
256 9001 141
257 9369 142
258 9081 141
259 9247 141
260 9116 141
261 9038 141
262 8954 141
263 9241 142
264 9149 141
265 9306 141
266 9080 141
267 9235 141
268 9245 142
269 9065 141
270 9066 141
271 8952 141
272 9047 141
273 9496 142
274 8938 141
275 9380 141
276 8998 140
277 8950 141
278 9335 141
279 9127 141
280 9286 141
281 9293 141
282 9253 142
283 8905 141
284 9231 141
285 9222 142
286 9220 141
287 9416 142
288 9045 141
289 9067 141
290 8853 140
291 9261 141
292 9272 141
293 9276 142
294 9118 141
295 9323 142
296 9125 141
297 9123 141
298 9112 141
299 8995 141
300 9295 141
301 9247 141
302 9061 141
303 9375 141
304 9509 142
305 9357 142
306 9177 141
307 9235 141
308 9126 141
309 9452 142
310 9238 142
311 9240 141
312 9367 141
313 9333 142
314 9160 141
315 9095 141
316 9357 142
317 9429 142
318 9199 141
319 9174 141
320 9200 141
321 9085 141
322 9214 141
323 9303 142
324 9447 142
325 9046 141
326 9229 141
327 9328 142
328 9466 142
329 9089 141
330 9258 142
331 9015 141
332 9433 142
333 9417 142
334 9373 142
335 9193 141
336 9346 142
337 9205 141
338 9367 142
339 9120 141
340 9098 141
341 9292 141
342 9277 141
343 9203 141
344 9139 141
345 9261 142
346 9405 142
347 9283 141
348 9126 141
349 9243 142
350 9216 141
351 9037 141
352 9172 141
353 9104 141
354 9196 142
355 9100 141
356 9028 141
357 8943 141
358 9250 141
359 9299 142
360 9162 141
361 9119 141
362 9285 141
363 9198 141
364 9116 141
365 9204 142
366 9254 141
367 9074 141
368 9000 141
369 9400 142
370 8944 141
371 9430 142
372 9270 141
373 9141 141
374 9215 141
375 9138 141
376 9411 142
377 8909 141
378 9029 141
379 9211 141
380 9009 141
381 9145 141
382 9098 141
383 9126 142
384 9133 141
385 9511 142
386 9509 142
387 9383 142
388 9325 141
389 9165 141
390 9059 141
391 8945 141
392 9187 141
393 9356 141
394 9193 141
395 9132 141
396 9092 141
397 8967 141
398 9097 141
399 9216 141
400 9271 142
401 8986 141
402 9258 142
403 9048 141
404 9071 141
405 9257 142
406 9324 141
407 9510 142
408 8978 141
409 9116 141
410 9308 142
411 9220 141
412 9120 141
413 9163 141
414 9017 141
415 9203 141
416 9046 141
417 9187 141
418 9256 141
419 9395 142
420 9422 142
421 8988 141
422 9447 142
423 9224 141
424 9206 141
425 9214 141
426 5647 135
427 9334 141
428 7945 139
429 9200 141
430 9092 141
431 9236 141
432 8935 141
433 9064 141
434 9162 141
435 9260 141
436 9149 141
437 8980 141
438 9134 141
439 9148 141
440 9048 141
441 9203 141
442 9170 141
443 9088 141
444 9178 141
445 9248 141
446 8863 141
447 9103 141
448 8993 141
449 9251 141
450 9276 142
451 8966 141
452 9121 141
453 9361 141
454 8926 141
455 9282 141
456 9380 141
457 9080 141
458 8991 141
459 8870 141
460 9197 141
461 9078 141
462 9073 141
463 9068 141
464 9232 141
465 9348 142
466 9178 141
467 9161 141
468 9171 141
469 8916 141
470 9248 141
471 9297 141
472 9138 141
473 9205 141
474 9129 141
475 9259 141
476 9155 141
477 8990 141
478 8995 141
479 9145 141
480 9074 141
481 9133 141
482 9234 141
483 8993 141
484 9113 141
485 9139 141
486 9111 141
487 8939 140
488 9147 141
489 9396 141
490 9148 141
491 9198 141
492 9261 141
493 8935 141
494 9008 141
495 9139 141
496 9289 141
497 8954 141
498 9282 141
499 9010 141
500 9278 141
501 9010 141
502 9062 141
503 9193 141
504 9201 141
505 9078 140
506 9103 141
507 9137 141
508 9301 141
509 9221 141
510 9195 141
511 8974 141
512 9350 141
513 9129 141
514 9115 141
515 9234 141
516 9196 141
517 9150 141
518 9372 141
519 9113 141
520 8910 140
521 9073 140
522 9018 141
523 9061 141
524 9337 141
525 9128 141
526 9127 141
527 9161 141
528 9189 141
529 8977 140
530 9069 141
531 9056 141
532 9132 141
533 9023 140
534 9068 141
535 9289 141
536 9304 141
537 9049 141
538 9093 141
539 9390 141
540 9116 141
541 9124 141
542 9126 141
543 9216 141
544 9168 141
545 9224 141
546 9321 141
547 9172 141
548 8937 140
549 9017 141
550 9052 141
551 9086 141
552 9137 141
553 9083 140
554 9472 142
555 9464 142
556 9362 141
557 9233 141
558 9452 141
559 9089 141
560 9066 141
561 9160 141
562 9023 140
563 9136 141
564 9187 141
565 9163 141
566 9127 141
567 8975 141
568 9193 141
569 8852 140
570 9233 141
571 9086 141
572 8971 141
573 9236 141
574 9003 141
575 9090 141
576 8954 141
577 9249 141
578 9059 141
579 8971 140
580 9236 141
581 8750 140
582 9126 141
583 9016 141
584 9016 141
585 9105 141
586 9391 141
587 8916 141
588 9176 141
589 8749 140
590 9651 142
591 8757 140
592 9077 141
593 9290 141
594 9172 141
595 9037 141
596 9091 141
597 9006 141
598 8978 141
599 8837 141
600 8856 140
601 9090 141
602 8734 140
603 9083 141
604 9025 140
605 9094 141
606 9058 141
607 9118 141
608 9138 141
609 9384 141
610 9354 142
611 9218 141
612 8832 141
613 9075 141
614 9167 141
615 9284 141
616 9238 141
617 9120 141
618 9210 141
619 9132 141
620 9170 141
621 9172 141
622 9220 141
623 8991 141
624 9131 141
625 9060 141
626 9188 141
627 8924 141
628 9090 141
629 9017 141
630 9258 141
631 9031 141
632 9162 141
633 9231 141
634 9159 141
635 9042 141
636 8915 141
637 9204 141
638 9062 141
639 9282 141
640 9220 141
641 8982 141
642 9023 141
643 9319 141
644 9326 141
645 8998 141
646 9072 141
647 9113 141
648 8686 140
649 8935 141
650 9012 141
651 9008 140
652 8972 141
653 9146 141
654 9061 140
655 8845 140
656 8874 140
657 9049 141
658 8828 140
659 9099 141
660 8998 141
661 9261 141
662 9069 141
663 9096 141
664 9022 141
665 8990 141
666 9027 140
667 9594 142
668 9147 141
669 9324 141
670 9456 141
671 9227 141
672 9149 140
673 8969 140
674 9042 141
675 9188 141
676 9291 141
677 9264 141
678 9331 141
679 9319 141
680 8898 140
681 9116 141
682 9305 141
683 8931 140
684 9144 140
685 9096 141
686 9255 141
687 9292 141
688 9085 141
689 9157 141
690 9292 141
691 9319 141
692 9137 141
693 8961 141
694 9224 141
695 8942 140
696 9010 140
697 9063 141
698 9054 141
699 9093 141
700 9010 140
701 9151 141
702 9256 141
703 9308 141
704 9278 141
705 9007 140
706 9224 141
707 9362 141
708 9424 141
709 9063 141
710 9164 141
711 9285 141
712 9092 141
713 8927 141
714 8939 140
715 8785 140
716 8881 140
717 9198 141
718 9134 141
719 8997 141
720 9274 141
721 8798 140
722 9237 141
723 9168 141
724 9092 141
725 8971 141
726 9259 141
727 8893 140
728 9093 141
729 9022 141
730 8945 141
731 9072 141
732 9215 141
733 9187 141
734 9009 140
735 9113 141
736 9200 141
737 8900 141
738 8959 140
739 8868 141
740 9211 141
741 9134 141
742 9002 141
743 9299 141
744 9012 141
745 8942 140
746 9264 141
747 9233 141
748 9010 141
749 9081 140
750 9110 141
751 9236 141
752 9085 140
753 8834 140
754 9029 141
755 9149 141
756 9039 141
757 9032 141
758 8798 140
759 9119 141
760 9108 141
761 8993 141
762 8910 140
763 8889 141
764 8932 141
765 9139 141
766 9103 141
767 8821 140
768 8501 139
769 9066 141
770 8971 141
771 8978 141
772 9048 141
773 9106 141
774 9174 141
775 8663 140
776 9202 141
777 8721 140
778 9281 141
779 9099 141
780 8964 141
781 9052 141
782 8697 140
783 8970 141
784 9041 141
785 8842 140
786 8849 140
787 8809 141
788 9236 141
789 9101 141
790 8980 141
791 9029 141
792 9055 141
793 9029 141
794 8898 140
795 8917 141
796 8988 141
797 8918 140
798 8937 141
799 8581 140
800 8904 141
801 9043 141
802 8804 140
803 8994 140
804 8906 141
805 9022 141
806 9000 141
807 8663 141
808 8963 141
809 8885 141
810 9158 141
811 9020 141
812 9132 141
813 8618 140
814 8900 140
815 9095 141
816 8927 140
817 9075 141
818 8887 141
819 9017 141
820 8843 141
821 9183 141
822 9035 141
823 9259 141
824 8933 141
825 8789 140
826 8781 140
827 9238 141
828 8769 140
829 9003 141
830 9064 141
831 9039 141
832 9219 142
833 8955 141
834 9107 141
835 8948 141
836 9210 141
837 8789 141
838 8841 141
839 9005 140
840 8767 140
841 8918 141
842 8824 140
843 9164 141
844 9003 141
845 9032 141
846 8855 141
847 9083 141
848 9054 141
849 8962 141
850 9092 141
851 9089 141
852 9099 141
853 8989 141
854 8980 141
855 9071 141
856 9116 141
857 9212 141
858 8987 141
859 9301 141
860 8819 140
861 9086 141
862 8810 141
863 9066 141
864 9326 141
865 8946 141
866 8777 140
867 8902 141
868 8849 140
869 9070 141
870 8998 141
871 9224 141
872 8922 141
873 9140 141
874 9007 141
875 9294 141
876 9180 141
877 9068 141
878 8981 141
879 8793 141
880 8873 141
881 8954 141
882 8815 141
883 9120 141
884 9149 141
885 8911 141
886 9001 141
887 9131 141
888 8864 140
889 8936 140
890 9148 141
891 8965 141
892 9003 141
893 8949 141
894 9176 141
895 8778 140
896 9097 141
897 9032 141
898 9090 141
899 9018 141
900 8764 140
