#NUMBER FLUX_APER FLUXERR_APER
0 30382 174
1 30382 174
2 29957 173
3 29827 173
4 30094 174
5 29899 173
6 29773 173
7 30408 174
8 30034 174
9 29998 174
10 29848 173
11 29820 173
12 30211 174
13 30000 173
14 30578 174
15 30240 174
16 30151 174
17 30412 174
18 29993 173
19 29833 173
20 30615 174
21 29836 173
22 30485 174
23 30123 173
24 29724 173
25 30064 175
26 29960 175
27 29988 175
28 29868 174
29 30169 174
30 30009 174
31 30063 174
32 30292 175
33 30272 175
34 30223 174
35 30054 174
36 30056 174
37 30139 174
38 30124 174
39 30160 174
40 30052 175
41 30478 176
42 30058 175
43 30144 175
44 30109 174
45 29868 175
46 29876 174
47 29893 173
48 29992 174
49 30222 174
50 30287 175
51 30336 175
52 30160 175
53 29774 174
54 30177 174
55 29988 173
56 30145 174
57 30416 174
58 30162 174
59 30205 174
60 30590 174
61 30088 173
62 29806 173
63 29947 173
64 30066 173
65 30126 174
66 29957 173
67 29986 174
68 29945 173
69 30407 174
70 30335 174
71 29843 173
72 30180 174
73 30240 174
74 30196 174
75 30105 174
76 30095 173
77 29721 173
78 30095 173
79 30288 174
80 30086 173
81 30232 174
82 29917 174
83 29980 174
84 30131 174
85 30257 174
86 29805 173
87 29976 173
88 30337 174
89 30054 173
90 30275 174
91 29800 173
92 30326 174
93 30456 174
94 30222 174
95 30101 174
96 30496 174
97 30027 173
98 30143 174
99 30174 174
100 30095 174
101 30448 174
102 30461 174
103 29900 173
104 30072 173
105 29862 173
106 30015 173
107 30032 173
108 29945 173
109 29606 173
110 30228 174
111 30030 174
112 30102 174
113 30373 174
114 29952 174
115 29704 173
116 30056 173
117 30365 174
118 30513 174
119 30089 174
120 30412 174
121 30112 174
122 29926 173
123 30450 174
124 30105 174
125 29945 173
126 29991 173
127 30291 174
128 30122 174
129 30364 174
130 30351 174
131 30004 173
132 30572 174
133 30399 174
134 29993 173
135 30004 173
136 29532 173
137 29997 173
138 30546 174
139 29876 173
140 30647 174
141 30531 174
142 29790 173
143 30059 173
144 30086 173
145 29843 173
146 29945 173
147 30080 173
148 29507 172
149 29995 173
150 30339 174
151 30559 174
152 29881 173
153 29907 173
154 30325 174
155 29949 173
156 29898 173
157 30235 174
158 30305 174
159 29957 173
160 29875 174
161 29935 173
162 30053 174
163 29787 173
164 30214 174
165 29993 173
166 29994 173
167 29896 173
168 30080 173
169 30028 173
170 30560 174
171 30249 174
172 29820 173
173 30030 173
174 29875 173
175 30095 174
176 30205 174
177 30149 174
178 29927 173
179 30079 173
180 30246 174
181 30297 174
182 30430 174
183 30152 173
184 30153 174
185 30041 173
186 30012 173
187 30179 174
188 29929 173
189 30150 173
190 29871 173
191 30001 173
192 29911 173
193 30110 173
194 30129 174
195 30221 174
196 30255 173
197 29722 173
198 29769 173
199 29987 173
200 30553 174
201 30374 174
202 29907 173
203 29643 173
204 30363 173
205 29839 173
206 29890 173
207 29963 173
208 30490 174
209 30160 174
210 29988 173
211 29232 172
212 29858 173
213 30185 174
214 29832 173
215 29816 173
216 30140 174
217 30477 174
218 29503 173
219 30310 174
220 30042 174
221 30441 174
222 30265 173
223 30137 174
224 29767 173
225 30111 173
226 29973 174
227 30314 174
228 30108 173
229 30023 173
230 29796 173
231 30212 173
232 30215 174
233 30074 173
234 30205 173
235 30069 173
236 29951 173
237 30148 173
238 30156 173
239 30001 173
240 29927 173
241 30344 174
242 30276 174
243 29649 173
244 29866 173
245 30271 173
246 30407 174
247 29745 173
248 29955 173
249 30249 173
250 29825 173
251 29916 173
252 29624 173
253 30116 173
254 29766 173
255 29974 173
256 30297 174
257 29948 173
258 29857 173
259 30268 173
260 30385 174
261 29569 173
262 30282 174
263 30018 173
264 29775 173
265 30320 174
266 30100 173
267 29830 173
268 29731 173
269 30168 173
270 29803 173
271 29922 173
272 29493 173
273 29987 173
274 29986 173
275 29811 173
276 30178 173
277 29895 173
278 30110 173
279 30279 174
280 29565 173
281 30251 173
282 29789 173
283 29840 173
284 29836 173
285 30212 174
286 29482 173
287 30067 173
288 29798 173
289 29911 173
290 29731 173
291 30342 174
292 29814 173
293 30160 174
294 29625 173
295 29889 173
296 29850 173
297 30000 173
298 29903 173
299 30084 173
300 29906 173
301 30072 173
302 29944 174
303 30126 173
304 29876 173
305 29992 173
306 30090 173
307 29977 173
308 29886 173
309 29755 173
310 30137 174
311 29888 173
312 30496 174
313 29777 173
314 30226 174
315 30062 173
316 30459 174
317 30338 174
318 30070 173
319 29990 173
320 29900 173
321 29945 173
322 30120 174
323 29633 173
324 29885 173
325 29899 173
326 30135 173
327 29773 173
328 29872 173
329 30043 173
330 29963 173
331 30088 173
332 30028 173
333 29972 173
334 29751 173
335 30223 173
336 29995 173
337 30313 174
338 29621 173
339 30569 174
340 29818 173
341 29807 173
342 29973 173
343 30014 173
344 29770 173
345 29820 173
346 29900 173
347 29684 173
348 30306 174
349 29919 173
350 30174 173
351 29929 173
352 30217 174
353 30230 173
354 30184 174
355 29823 173
356 29672 173
357 29913 173
358 30049 173
359 30429 174
360 29810 173
361 29639 173
362 30621 174
363 29862 173
364 29974 173
365 30068 174
366 29763 173
367 30289 174
368 29911 173
369 30324 174
370 29904 173
371 29898 173
372 30109 173
373 29794 173
374 29798 173
375 29973 173
376 29844 173
377 30465 174
378 29563 173
379 30233 174
380 29468 173
381 30165 173
382 29786 173
383 30124 174
384 29876 173
385 29995 173
386 30043 173
387 30058 173
388 30072 173
389 30052 173
390 29920 173
391 29831 173
392 29674 173
393 30044 173
394 30159 174
395 30126 174
396 30572 174
397 30256 174
398 30249 174
399 29695 173
400 30187 174
401 29806 173
402 30135 174
403 29720 173
404 30010 173
405 29869 173
406 29901 173
407 30209 174
408 29921 173
409 30543 174
410 30125 174
411 30220 174
412 29765 173
413 30056 173
414 30049 173
415 29917 173
416 29716 173
417 30038 173
418 29641 173
419 29761 173
420 30059 173
421 29695 173
422 30224 174
423 30139 174
424 30030 173
425 29992 173
426 2101 105
427 26681 168
428 22642 163
429 30150 173
430 29882 173
431 29577 172
432 29834 173
433 29784 173
434 29910 173
435 29884 173
436 29679 173
437 30007 173
438 29596 173
439 29877 173
440 30143 174
441 30318 174
442 29897 173
443 29927 173
444 30175 174
445 30063 173
446 30008 173
447 29938 173
448 30205 173
449 30050 173
450 29698 173
451 29908 173
452 30094 174
453 30014 173
454 30381 174
455 30081 173
456 29691 173
457 30492 174
458 30083 173
459 29457 173
460 29952 173
461 29920 173
462 29867 173
463 30010 173
464 29704 173
465 29909 173
466 29898 173
467 29763 173
468 29950 173
469 29929 173
470 29813 173
471 30296 174
472 30347 173
473 30064 173
474 29757 173
475 29563 172
476 30060 173
477 29488 172
478 30066 173
479 30034 173
480 30149 173
481 29740 173
482 29928 173
483 29979 173
484 30130 173
485 29569 173
486 30199 173
487 29895 173
488 29834 173
489 30159 173
490 30350 174
491 30193 174
492 30300 174
493 30470 174
494 30051 173
495 29847 173
496 29739 173
497 30036 173
498 29939 173
499 30078 173
500 30041 173
501 30378 174
502 29956 173
503 30036 173
504 29843 173
505 30504 173
506 29475 172
507 29595 173
508 30322 174
509 29878 173
510 30305 173
511 30092 173
512 30001 173
513 30189 173
514 29967 173
515 29994 173
516 30186 173
517 29892 173
518 29941 173
519 29706 173
520 30166 173
521 29628 172
522 30191 173
523 29887 173
524 30033 173
525 29733 172
526 29893 173
527 29861 173
528 30376 173
529 30244 173
530 29933 173
531 29978 173
532 29682 173
533 30187 173
534 29858 173
535 29757 173
536 29535 172
537 29994 173
538 29937 173
539 29647 172
540 29863 173
541 29760 173
542 29930 173
543 29784 173
544 30061 173
545 29718 172
546 30200 173
547 30046 173
548 29976 173
549 30080 173
550 30104 173
551 29413 172
552 29944 173
553 29950 173
554 29040 172
555 29155 172
556 30136 173
557 29792 173
558 29787 173
559 29674 173
560 29828 173
561 29422 172
562 29830 173
563 30119 173
564 29935 173
565 29946 173
566 29648 173
567 29869 173
568 29882 173
569 29668 172
570 29626 173
571 29636 172
572 30181 173
573 29665 173
574 29838 173
575 30064 173
576 29973 173
577 29979 173
578 29744 173
579 30129 173
580 30009 173
581 29944 173
582 29765 172
583 29996 173
584 29586 172
585 29844 173
586 30102 173
587 29903 173
588 29308 172
589 29758 173
590 29710 173
591 30445 174
592 29671 173
593 29837 173
594 30019 173
595 29594 172
596 29732 173
597 29910 173
598 29831 173
599 29655 173
600 29806 173
601 29576 173
602 30217 173
603 29371 172
604 29044 172
605 29437 172
606 30350 174
607 29517 172
608 30067 173
609 29944 173
610 29664 173
611 30146 173
612 29849 173
613 30007 173
614 29624 173
615 30431 174
616 29712 173
617 29423 173
618 30077 173
619 29885 173
620 29658 173
621 29842 173
622 29742 173
623 29979 173
624 30251 173
625 29695 173
626 29708 173
627 29413 173
628 29742 173
629 30425 174
630 29866 173
631 29725 173
632 29524 173
633 29820 173
634 29575 173
635 29321 172
636 30300 174
637 29604 172
638 29690 173
639 29858 173
640 29498 172
641 29524 173
642 29904 173
643 29929 173
644 29643 173
645 29718 173
646 29581 172
647 29329 172
648 30008 173
649 29313 172
650 29989 173
651 29991 173
652 29927 173
653 29314 172
654 29620 172
655 30051 173
656 29288 172
657 29507 172
658 29520 172
659 29599 172
660 29741 173
661 29745 173
662 29798 173
663 29913 173
664 29646 172
665 29631 173
666 29651 172
667 29839 173
668 29633 173
669 29512 172
670 29567 172
671 29508 172
672 29374 172
673 29760 172
674 29326 172
675 29783 172
676 29301 172
677 29238 172
678 29862 173
679 29618 173
680 30100 173
681 29695 172
682 29640 173
683 29410 172
684 29289 172
685 29359 172
686 29311 172
687 30122 173
688 29821 173
689 29395 172
690 29318 172
691 29268 172
692 29987 173
693 30009 173
694 29750 173
695 29493 172
696 29562 172
697 29871 173
698 29619 172
699 29693 173
700 29322 172
701 29249 172
702 29712 172
703 29790 173
704 30074 173
705 29650 172
706 30007 173
707 29936 173
708 29764 173
709 29456 172
710 29585 173
711 29222 172
712 29925 173
713 29715 173
714 29798 173
715 29269 172
716 29552 172
717 29198 172
718 29053 172
719 29828 173
720 29269 172
721 29663 173
722 29408 172
723 29787 173
724 30150 173
725 29695 173
726 29507 172
727 29466 172
728 29921 173
729 29464 172
730 29660 172
731 29812 173
732 29919 173
733 29844 173
734 29761 173
735 29390 172
736 29476 172
737 29615 173
738 29606 172
739 29595 173
740 29418 172
741 30282 173
742 29966 173
743 29657 173
744 29728 173
745 29920 173
746 29630 173
747 28918 172
748 29513 172
749 30161 173
750 29561 173
751 29460 172
752 29444 172
753 29855 173
754 29096 172
755 29969 173
756 29501 172
757 29548 172
758 29920 173
759 29175 172
760 29651 173
761 29579 173
762 30030 173
763 29878 173
764 29458 172
765 30168 173
766 29422 172
767 29655 172
768 29523 172
769 29286 172
770 30021 173
771 29420 172
772 29588 173
773 29466 172
774 29594 173
775 29692 173
776 29799 173
777 29158 172
778 29518 172
779 30038 173
780 29678 173
781 29834 173
782 29378 172
783 29610 173
784 29974 173
785 29687 172
786 29923 173
787 29250 172
788 29653 173
789 29865 173
790 30490 174
791 29314 172
792 29935 173
793 29687 173
794 29410 172
795 29802 173
796 29609 173
797 29380 172
798 30071 173
799 29451 172
800 29244 172
801 29697 173
802 29313 172
803 29384 172
804 28977 172
805 29683 173
806 29797 173
807 29836 173
808 29496 172
809 29717 173
810 29860 173
811 29767 173
812 29826 173
813 30349 174
814 29600 172
815 29899 173
816 29207 172
817 29565 173
818 29865 173
819 29461 172
820 29939 173
821 29484 173
822 29556 172
823 29376 172
824 29206 172
825 29657 173
826 29748 173
827 29421 172
828 29475 172
829 29277 172
830 29474 172
831 30122 173
832 29839 173
833 30016 173
834 29319 172
835 29394 172
836 29509 173
837 29435 173
838 29786 173
839 29468 172
840 29767 173
841 29260 172
842 29350 172
843 29027 172
844 29512 173
845 29559 173
846 29685 173
847 29702 173
848 29596 172
849 29277 172
850 29448 173
851 29463 173
852 29435 173
853 29954 173
854 30076 173
855 29988 173
856 30253 173
857 29468 172
858 29650 173
859 30017 173
860 29325 172
861 29430 172
862 29325 172
863 29577 172
864 29488 172
865 29652 173
866 29745 173
867 29400 172
868 29523 172
869 29727 173
870 29882 173
871 29602 173
872 29434 173
873 29326 172
874 29992 173
875 29557 172
876 29536 172
877 29749 173
878 29513 173
879 29390 173
880 29358 172
881 29312 172
882 29290 172
883 29392 172
884 29211 172
885 29648 173
886 29303 172
887 29656 173
888 28754 171
889 29420 172
890 29146 172
891 29497 173
892 29449 172
893 29218 172
894 28938 172
895 29042 172
896 29156 172
897 29051 172
898 29636 172
899 28957 172
900 29183 172
