0 7690 133
1 7659 133
2 7517 133
3 7558 133
4 7569 133
5 7376 133
6 7375 133
7 7565 133
8 7480 133
9 7304 133
10 7572 133
11 7806 134
12 7440 133
13 7094 132
14 7550 133
15 7260 132
16 7558 133
17 7596 134
18 7432 133
19 7328 133
20 7342 133
21 7658 134
22 7438 133
23 7440 133
24 7546 133
25 7370 133
26 7432 133
27 7636 134
28 7533 133
29 7171 132
30 7560 133
31 7529 133
32 7504 133
33 7671 133
34 7397 133
35 7289 133
36 7702 134
37 7615 133
38 7603 133
39 7386 133
40 7597 133
41 7701 133
42 7472 133
43 7468 133
44 7460 133
45 7540 133
46 7780 134
47 7613 134
48 7388 133
49 7446 133
50 7452 133
51 7218 133
52 7215 133
53 7544 134
54 7222 133
55 7293 133
56 7744 134
57 7235 133
58 7516 133
59 7287 133
60 7391 133
61 7474 133
62 7587 134
63 7646 134
64 7465 133
65 7526 133
66 7441 133
67 7496 133
68 7461 133
69 7259 133
70 7514 133
71 7379 133
72 7373 133
73 7635 134
74 7537 133
75 7373 133
76 7546 133
77 7414 133
78 7488 133
79 7613 134
80 7558 134
81 7424 134
82 7556 134
83 7592 134
84 7528 134
85 7335 133
86 7321 133
87 7368 133
88 7597 134
89 7147 133
90 7547 134
91 7227 133
92 7353 133
93 7267 132
94 7566 133
95 7643 133
96 7267 133
97 7650 133
98 7489 133
99 7424 133
100 7371 133
101 7640 133
102 7276 133
103 7442 133
104 7394 133
105 7662 133
106 7483 133
107 7411 132
108 7631 134
109 7433 133
110 7673 134
111 7585 133
112 7439 133
113 7661 134
114 7258 133
115 7446 133
116 7526 133
117 7503 133
118 7571 133
119 7303 133
120 7561 133
121 7443 133
122 7460 133
123 7350 133
124 7406 133
125 7551 133
126 7461 133
127 7565 134
128 7382 133
129 7403 133
130 7564 133
131 7296 132
132 7555 133
133 7529 133
134 7278 133
135 7604 133
136 7558 133
137 7590 133
138 7474 133
139 7493 133
140 7681 133
141 7514 133
142 7386 133
143 7482 133
144 7428 133
145 7432 133
146 7433 133
147 7475 133
148 7476 133
149 7637 133
150 7464 133
151 7574 133
152 7550 133
153 7332 133
154 7544 133
155 7596 133
156 7619 133
157 7424 133
158 7654 133
159 7404 133
160 7360 133
161 7438 133
162 7461 133
163 7273 133
164 7503 133
165 7300 133
166 7403 133
167 7571 133
168 7414 133
169 7101 132
170 7290 133
171 7443 133
172 7393 132
173 7264 132
174 7648 133
175 7593 133
176 7461 133
177 7146 132
178 7399 132
179 7340 132
180 7406 133
181 7492 133
182 7179 132
183 7574 133
184 7369 133
185 7451 133
186 7462 133
187 7382 133
188 7153 132
189 7239 133
190 7499 133
191 7498 133
192 7274 133
193 7359 133
194 7192 133
195 7263 133
196 7132 133
197 7381 134
198 7431 134
199 7148 133
200 7120 133
201 7470 133
202 7487 133
203 7424 133
204 7379 133
205 7285 133
206 7396 133
207 7408 133
208 7298 133
209 7492 134
210 7349 133
211 7626 134
212 7214 133
213 7242 133
214 7262 133
215 7256 133
216 7256 133
217 7646 133
218 7120 132
219 7338 133
220 7781 134
221 7435 133
222 7490 133
223 7098 132
224 7373 133
225 7276 133
226 7532 133
227 7230 133
228 7181 133
229 7327 133
230 7233 133
231 7277 133
232 7396 133
233 7317 133
234 7431 133
235 7268 133
236 7270 133
237 7130 133
238 7606 134
239 7281 133
240 7297 133
241 7358 133
242 7253 132
243 7338 133
244 7256 133
245 7275 133
246 7368 133
247 7252 133
248 7541 133
249 7503 133
250 7263 132
251 7314 133
252 7323 133
253 7204 132
254 7607 133
255 7611 134
256 7339 133
257 7520 133
258 7301 133
259 7471 133
260 7239 133
261 7655 134
262 7459 133
263 7049 133
264 7372 133
265 7222 133
266 7359 133
267 7456 133
268 7434 134
269 7676 134
270 7269 133
271 7149 132
272 7413 133
273 7423 133
274 7695 134
275 7328 133
276 7499 133
277 7368 133
278 7373 133
279 7442 133
280 7161 133
281 7467 133
282 7387 133
283 7199 133
284 7278 133
285 7415 133
286 7306 133
287 7355 133
288 7361 133
289 7428 133
290 7538 133
291 7492 134
292 7460 133
293 7394 133
294 7365 133
295 7060 132
296 7493 134
297 7391 133
298 7343 133
299 7345 133
300 7339 133
301 7413 133
302 7443 133
303 7693 134
304 7467 133
305 7494 133
306 7344 133
307 7199 133
308 7279 133
309 7394 133
310 7484 133
311 7455 133
312 7286 132
313 7407 133
314 7462 133
315 7427 133
316 7309 133
317 7716 134
318 7531 133
319 7415 133
320 7031 133
321 7297 133
322 7542 133
323 7264 133
324 7323 133
325 7667 134
326 7554 133
327 7459 133
328 7466 133
329 7316 133
330 7588 133
331 7416 133
332 7414 133
333 7401 133
334 7378 133
335 7363 133
336 7341 133
337 7432 133
338 7318 133
339 7254 133
340 7338 133
341 7173 133
342 7466 133
343 7417 133
344 7422 133
345 7301 133
346 7432 133
347 7279 133
348 7384 133
349 7151 133
350 7307 133
351 7071 133
352 7589 133
353 7254 133
354 7225 133
355 7169 132
356 7438 133
357 7141 133
358 7191 133
359 7599 134
360 7407 133
361 7483 133
362 7426 133
363 7393 133
364 7401 133
365 7377 134
366 7437 134
367 7321 134
368 7297 133
369 7490 133
370 7373 133
371 7372 133
372 7317 133
373 7631 133
374 7511 134
375 7212 133
376 7172 133
377 7461 133
378 7494 134
379 7479 133
380 7304 133
381 7279 133
382 7510 133
383 7117 133
384 7214 133
385 7432 133
386 7188 133
387 7463 133
388 7227 133
389 7301 133
390 7215 133
391 7254 133
392 7397 133
393 7393 133
394 7250 133
395 7065 132
396 7408 133
397 7134 133
398 7190 132
399 7352 133
400 7242 133
401 7314 133
402 7308 133
403 7356 133
404 7325 133
405 7155 133
406 7456 133
407 7129 133
408 7299 133
409 7295 133
410 7435 133
411 7483 133
412 7355 133
413 7232 133
414 7280 133
415 7239 133
416 7535 133
417 7126 133
418 7055 133
419 7237 133
420 7467 133
421 7332 133
422 7372 133
423 7109 133
424 7364 133
425 7478 133
426 7113 133
427 7223 133
428 7319 133
429 7319 133
430 7134 133
431 7397 133
432 7417 133
433 7448 133
434 7345 133
435 7213 133
436 7264 133
437 7494 134
438 7314 133
439 7267 133
440 7378 133
441 7331 133
442 7092 132
443 7534 133
444 7491 132
445 7374 133
446 7474 133
447 7395 133
448 7081 133
449 7218 132
450 7300 133
451 7473 133
452 7404 133
453 7502 133
454 7457 133
455 7281 133
456 7410 133
457 7227 133
458 7295 133
459 7263 133
460 7406 133
461 7513 133
462 7496 134
463 7345 133
464 6982 132
465 7620 134
466 7455 133
467 7448 133
468 7412 133
469 7117 132
470 7352 133
471 7407 133
472 7166 132
473 7411 133
474 7535 133
475 7079 132
476 7403 133
477 7392 133
478 7561 133
479 7350 133
480 7172 133
481 7454 133
482 7358 133
483 7190 133
484 7243 133
485 7323 133
486 7492 133
487 7450 134
488 7231 133
489 7298 133
490 7304 133
491 7129 133
492 7428 133
493 7461 133
494 7262 133
495 7450 133
496 7020 133
497 7145 132
498 7132 133
499 7120 133
500 7498 133
501 7100 133
502 7120 133
503 7308 133
504 7305 133
505 7143 133
506 7069 133
507 7317 133
508 6991 133
509 7273 133
510 6061 132
511 7084 133
512 7085 132
513 7516 133
514 7526 133
515 7133 133
516 7512 133
517 7253 132
518 7070 132
519 7375 133
520 7609 133
521 7325 133
522 7329 133
523 7227 133
524 7379 133
525 7192 133
526 7272 133
527 7313 133
528 7420 133
529 7083 132
530 7357 133
531 7174 132
532 7164 132
533 7337 133
534 7277 133
535 7281 133
536 7083 133
537 7130 132
538 7103 132
539 7264 133
540 7373 133
541 7326 133
542 7124 132
543 7517 133
544 7089 133
545 7416 133
546 7137 132
547 6920 132
548 7250 133
549 7399 133
550 7171 132
551 6998 132
552 7381 133
553 7217 133
554 7176 132
555 7220 133
556 7233 133
557 7397 133
558 7500 134
559 7229 133
560 7425 133
561 7244 133
562 7100 133
563 7337 133
564 7164 133
565 7463 133
566 7487 133
567 7450 133
568 7163 133
569 7221 133
570 7116 133
571 7334 133
572 6935 132
573 7276 133
574 7131 132
575 7504 134
576 7247 132
577 7248 133
578 7367 133
579 7319 133
580 7081 133
581 7222 133
582 7338 133
583 7355 133
584 7179 133
585 7328 134
586 7396 133
587 7201 133
588 7427 133
589 7397 133
590 7580 133
591 7261 133
592 7112 133
593 7424 133
594 7445 133
595 7134 132
596 7312 133
597 7397 133
598 7461 133
599 7237 133
600 7415 133
601 7269 133
602 7425 133
603 7233 133
604 7360 133
605 7370 133
606 7146 134
607 6137 132
608 6740 133
609 6722 134
610 7429 134
611 7078 133
612 5276 134
613 4697 136
614 4801 135
615 7059 134
616 7288 135
617 537 154
618 4671 140
619 2002 152
620 1048 146
621 6417 138
622 3195 139
623 2297 150
624 1518 148
625 6910 139
626 7255 139
627 6530 140
628 1324 158
629 1866 156
630 3941 146
631 3372 147
632 1078 159
633 4491 145
634 1454 145
635 5583 139
636 3165 153
637 6393 136
638 4404 135
639 6599 135
640 4276 136
641 4992 135
642 6246 135
643 7230 136
644 6750 135
645 6655 135
646 7032 136
647 6390 136
648 6847 135
649 7158 136
650 7144 136
651 4960 137
652 2730 138
653 6663 137
654 6868 137
655 4840 142
656 1583 146
657 627 145
658 2979 136
659 6873 138
660 6668 139
661 5429 148
662 2860 146
663 5566 139
664 4120 141
665 4689 142
666 955 156
667 485 151
668 6007 140
669 3758 140
670 4184 140
671 4778 135
672 6726 137
673 7136 136
674 7136 136
675 7193 135
676 6958 135
677 6874 135
678 7218 136
679 7014 135
680 7280 136
681 7289 136
682 7256 136
683 6427 135
684 7034 135
685 7019 135
686 7352 135
687 7113 135
688 7226 135
689 6912 134
690 6914 134
691 7251 135
692 7165 135
693 7300 135
694 6851 134
695 6743 134
696 6985 134
697 7201 135
698 5522 136
699 3882 144
700 3338 140
701 6887 135
702 7299 135
703 7250 135
704 7257 135
705 7387 135
706 7181 135
707 7356 135
708 6964 135
709 7081 135
710 4340 135
711 3462 133
712 7071 135
713 7017 134
714 7213 135
715 7269 134
716 7077 134
717 5306 133
718 6914 134
719 6938 134
720 6676 134
721 7197 134
722 7117 134
723 6933 134
724 7122 135
725 1591 135
726 5103 134
727 2800 135
728 5820 135
729 5198 135
730 5027 135
731 2021 137
732 534 145
733 2758 133
734 7002 135
735 6431 135
736 2664 136
737 3591 134
738 7137 135
739 7105 135
740 7180 135
741 6594 135
742 5273 135
743 5892 136
744 1747 136
745 6376 136
746 5173 135
747 313 149
748 4525 137
749 2649 135
750 3675 135
751 5354 135
752 5881 135
753 1338 142
754 1342 142
755 1447 142
756 2722 141
757 292 146
758 2092 138
759 1233 146
760 1045 139
761 802 144
762 3666 135
763 6861 136
764 6757 135
765 7010 135
766 7220 135
767 7070 135
768 6671 136
769 1924 139
770 1497 146
771 207 150
772 402 138
773 6741 137
774 3334 138
775 3416 137
776 1759 145
777 6629 138
778 6134 136
779 5567 135
780 4451 135
781 1349 140
782 7147 136
783 6593 136
784 4042 133
785 7250 136
786 6955 135
787 7272 135
788 7114 135
789 6992 135
790 7002 135
791 5883 134
792 6905 136
793 3790 134
794 6847 137
795 1240 149
796 3610 137
797 7189 139
798 7104 137
799 7200 137
800 6435 136
801 7037 137
802 1349 136
803 7233 136
804 7251 136
805 6891 135
806 7276 136
807 7089 135
808 7059 135
809 7370 136
810 7293 135
811 6987 134
812 7019 135
813 7232 135
814 6874 135
815 7286 135
816 7138 135
817 7256 135
818 6960 135
819 7140 135
820 7093 135
821 7279 136
822 7088 135
823 7177 136
824 6931 137
825 4025 142
826 583 162
827 3102 144
828 4622 145
829 1446 147
830 872 153
831 1065 153
832 3180 144
833 1177 160
834 4796 148
835 2491 162
